0.0
1.0
2.0
3.0
4.0
5.0
6.0
7.0
100.0
101.0
102.0
103.0
104.0
105.0
106.0
107.0
200.0
201.0
202.0
203.0
204.0
205.0
206.0
207.0
300.0
301.0
302.0
303.0
304.0
305.0
306.0
307.0
400.0
401.0
402.0
403.0
404.0
405.0
406.0
407.0
500.0
501.0
502.0
503.0
504.0
505.0
506.0
507.0
600.0
601.0
602.0
603.0
604.0
605.0
606.0
607.0
700.0
701.0
702.0
703.0
704.0
705.0
706.0
707.0
800.0
801.0
802.0
803.0
804.0
805.0
806.0
807.0
900.0
901.0
902.0
903.0
904.0
905.0
906.0
907.0
1000.0
1001.0
1002.0
1003.0
1004.0
1005.0
1006.0
1007.0
1100.0
1101.0
1102.0
1103.0
1104.0
1105.0
1106.0
1107.0
1200.0
1201.0
1202.0
1203.0
1204.0
1205.0
1206.0
1207.0
1300.0
1301.0
1302.0
1303.0
1304.0
1305.0
1306.0
1307.0
1400.0
1401.0
1402.0
1403.0
1404.0
1405.0
1406.0
1407.0
1500.0
1501.0
1502.0
1503.0
1504.0
1505.0
1506.0
1507.0
1600.0
1601.0
1602.0
1603.0
1604.0
1605.0
1606.0
1607.0
1700.0
1701.0
1702.0
1703.0
1704.0
1705.0
1706.0
1707.0
1800.0
1801.0
1802.0
1803.0
1804.0
1805.0
1806.0
1807.0
1900.0
1901.0
1902.0
1903.0
1904.0
1905.0
1906.0
1907.0
2000.0
2001.0
2002.0
2003.0
2004.0
2005.0
2006.0
2007.0
2100.0
2101.0
2102.0
2103.0
2104.0
2105.0
2106.0
2107.0
2200.0
2201.0
2202.0
2203.0
2204.0
2205.0
2206.0
2207.0
2300.0
2301.0
2302.0
2303.0
2304.0
2305.0
2306.0
2307.0
2400.0
2401.0
2402.0
2403.0
2404.0
2405.0
2406.0
2407.0
2500.0
2501.0
2502.0
2503.0
2504.0
2505.0
2506.0
2507.0
2600.0
2601.0
2602.0
2603.0
2604.0
2605.0
2606.0
2607.0
2700.0
2701.0
2702.0
2703.0
2704.0
2705.0
2706.0
2707.0
2800.0
2801.0
2802.0
2803.0
2804.0
2805.0
2806.0
2807.0
2900.0
2901.0
2902.0
2903.0
2904.0
2905.0
2906.0
2907.0
3000.0
3001.0
3002.0
3003.0
3004.0
3005.0
3006.0
3007.0
3100.0
3101.0
3102.0
3103.0
3104.0
3105.0
3106.0
3107.0
3200.0
3201.0
3202.0
3203.0
3204.0
3205.0
3206.0
3207.0
3300.0
3301.0
3302.0
3303.0
3304.0
3305.0
3306.0
3307.0
3400.0
3401.0
3402.0
3403.0
3404.0
3405.0
3406.0
3407.0
3500.0
3501.0
3502.0
3503.0
3504.0
3505.0
3506.0
3507.0
3600.0
3601.0
3602.0
3603.0
3604.0
3605.0
3606.0
3607.0
3700.0
3701.0
3702.0
3703.0
3704.0
3705.0
3706.0
3707.0
3800.0
3801.0
3802.0
3803.0
3804.0
3805.0
3806.0
3807.0
3900.0
3901.0
3902.0
3903.0
3904.0
3905.0
3906.0
3907.0
4000.0
4001.0
4002.0
4003.0
4004.0
4005.0
4006.0
4007.0
4100.0
4101.0
4102.0
4103.0
4104.0
4105.0
4106.0
4107.0
4200.0
4201.0
4202.0
4203.0
4204.0
4205.0
4206.0
4207.0
4300.0
4301.0
4302.0
4303.0
4304.0
4305.0
4306.0
4307.0
4400.0
4401.0
4402.0
4403.0
4404.0
4405.0
4406.0
4407.0
4500.0
4501.0
4502.0
4503.0
4504.0
4505.0
4506.0
4507.0
4600.0
4601.0
4602.0
4603.0
4604.0
4605.0
4606.0
4607.0
4700.0
4701.0
4702.0
4703.0
4704.0
4705.0
4706.0
4707.0
4800.0
4801.0
4802.0
4803.0
4804.0
4805.0
4806.0
4807.0
4900.0
4901.0
4902.0
4903.0
4904.0
4905.0
4906.0
4907.0
5000.0
5001.0
5002.0
5003.0
5004.0
5005.0
5006.0
5007.0
5100.0
5101.0
5102.0
5103.0
5104.0
5105.0
5106.0
5107.0
5200.0
5201.0
5202.0
5203.0
5204.0
5205.0
5206.0
5207.0
5300.0
5301.0
5302.0
5303.0
5304.0
5305.0
5306.0
5307.0
5400.0
5401.0
5402.0
5403.0
5404.0
5405.0
5406.0
5407.0
5500.0
5501.0
5502.0
5503.0
5504.0
5505.0
5506.0
5507.0
5600.0
5601.0
5602.0
5603.0
5604.0
5605.0
5606.0
5607.0
5700.0
5701.0
5702.0
5703.0
5704.0
5705.0
5706.0
5707.0
5800.0
5801.0
5802.0
5803.0
5804.0
5805.0
5806.0
5807.0
5900.0
5901.0
5902.0
5903.0
5904.0
5905.0
5906.0
5907.0
6000.0
6001.0
6002.0
6003.0
6004.0
6005.0
6006.0
6007.0
6100.0
6101.0
6102.0
6103.0
6104.0
6105.0
6106.0
6107.0
6200.0
6201.0
6202.0
6203.0
6204.0
6205.0
6206.0
6207.0
6300.0
6301.0
6302.0
6303.0
6304.0
6305.0
6306.0
6307.0
6400.0
6401.0
6402.0
6403.0
6404.0
6405.0
6406.0
6407.0
6500.0
6501.0
6502.0
6503.0
6504.0
6505.0
6506.0
6507.0
6600.0
6601.0
6602.0
6603.0
6604.0
6605.0
6606.0
6607.0
6700.0
6701.0
6702.0
6703.0
6704.0
6705.0
6706.0
6707.0
6800.0
6801.0
6802.0
6803.0
6804.0
6805.0
6806.0
6807.0
6900.0
6901.0
6902.0
6903.0
6904.0
6905.0
6906.0
6907.0
7000.0
7001.0
7002.0
7003.0
7004.0
7005.0
7006.0
7007.0
7100.0
7101.0
7102.0
7103.0
7104.0
7105.0
7106.0
7107.0
7200.0
7201.0
7202.0
7203.0
7204.0
7205.0
7206.0
7207.0
7300.0
7301.0
7302.0
7303.0
7304.0
7305.0
7306.0
7307.0
7400.0
7401.0
7402.0
7403.0
7404.0
7405.0
7406.0
7407.0
7500.0
7501.0
7502.0
7503.0
7504.0
7505.0
7506.0
7507.0
7600.0
7601.0
7602.0
7603.0
7604.0
7605.0
7606.0
7607.0
7700.0
7701.0
7702.0
7703.0
7704.0
7705.0
7706.0
7707.0
7800.0
7801.0
7802.0
7803.0
7804.0
7805.0
7806.0
7807.0
7900.0
7901.0
7902.0
7903.0
7904.0
7905.0
7906.0
7907.0
8000.0
8001.0
8002.0
8003.0
8004.0
8005.0
8006.0
8007.0
8100.0
8101.0
8102.0
8103.0
8104.0
8105.0
8106.0
8107.0
8200.0
8201.0
8202.0
8203.0
8204.0
8205.0
8206.0
8207.0
8300.0
8301.0
8302.0
8303.0
8304.0
8305.0
8306.0
8307.0
8400.0
8401.0
8402.0
8403.0
8404.0
8405.0
8406.0
8407.0
8500.0
8501.0
8502.0
8503.0
8504.0
8505.0
8506.0
8507.0
8600.0
8601.0
8602.0
8603.0
8604.0
8605.0
8606.0
8607.0
8700.0
8701.0
8702.0
8703.0
8704.0
8705.0
8706.0
8707.0
8800.0
8801.0
8802.0
8803.0
8804.0
8805.0
8806.0
8807.0
8900.0
8901.0
8902.0
8903.0
8904.0
8905.0
8906.0
8907.0
9000.0
9001.0
9002.0
9003.0
9004.0
9005.0
9006.0
9007.0
9100.0
9101.0
9102.0
9103.0
9104.0
9105.0
9106.0
9107.0
9200.0
9201.0
9202.0
9203.0
9204.0
9205.0
9206.0
9207.0
9300.0
9301.0
9302.0
9303.0
9304.0
9305.0
9306.0
9307.0
9400.0
9401.0
9402.0
9403.0
9404.0
9405.0
9406.0
9407.0
9500.0
9501.0
9502.0
9503.0
9504.0
9505.0
9506.0
9507.0
9600.0
9601.0
9602.0
9603.0
9604.0
9605.0
9606.0
9607.0
9700.0
9701.0
9702.0
9703.0
9704.0
9705.0
9706.0
9707.0
9800.0
9801.0
9802.0
9803.0
9804.0
9805.0
9806.0
9807.0
9900.0
9901.0
9902.0
9903.0
9904.0
9905.0
9906.0
9907.0
10000.0
10001.0
10002.0
10003.0
10004.0
10005.0
10006.0
10007.0
10100.0
10101.0
10102.0
10103.0
10104.0
10105.0
10106.0
10107.0
10200.0
10201.0
10202.0
10203.0
10204.0
10205.0
10206.0
10207.0
10300.0
10301.0
10302.0
10303.0
10304.0
10305.0
10306.0
10307.0
10400.0
10401.0
10402.0
10403.0
10404.0
10405.0
10406.0
10407.0
10500.0
10501.0
10502.0
10503.0
10504.0
10505.0
10506.0
10507.0
10600.0
10601.0
10602.0
10603.0
10604.0
10605.0
10606.0
10607.0
10700.0
10701.0
10702.0
10703.0
10704.0
10705.0
10706.0
10707.0
10800.0
10801.0
10802.0
10803.0
10804.0
10805.0
10806.0
10807.0
10900.0
10901.0
10902.0
10903.0
10904.0
10905.0
10906.0
10907.0
11000.0
11001.0
11002.0
11003.0
11004.0
11005.0
11006.0
11007.0
11100.0
11101.0
11102.0
11103.0
11104.0
11105.0
11106.0
11107.0
11200.0
11201.0
11202.0
11203.0
11204.0
11205.0
11206.0
11207.0
11300.0
11301.0
11302.0
11303.0
11304.0
11305.0
11306.0
11307.0
11400.0
11401.0
11402.0
11403.0
11404.0
11405.0
11406.0
11407.0
11500.0
11501.0
11502.0
11503.0
11504.0
11505.0
11506.0
11507.0
11600.0
11601.0
11602.0
11603.0
11604.0
11605.0
11606.0
11607.0
11700.0
11701.0
11702.0
11703.0
11704.0
11705.0
11706.0
11707.0
11800.0
11801.0
11802.0
11803.0
11804.0
11805.0
11806.0
11807.0
11900.0
11901.0
11902.0
11903.0
11904.0
11905.0
11906.0
11907.0
12000.0
12001.0
12002.0
12003.0
12004.0
12005.0
12006.0
12007.0
12100.0
12101.0
12102.0
12103.0
12104.0
12105.0
12106.0
12107.0
12200.0
12201.0
12202.0
12203.0
12204.0
12205.0
12206.0
12207.0
12300.0
12301.0
12302.0
12303.0
12304.0
12305.0
12306.0
12307.0
12400.0
12401.0
12402.0
12403.0
12404.0
12405.0
12406.0
12407.0
12500.0
12501.0
12502.0
12503.0
12504.0
12505.0
12506.0
12507.0
12600.0
12601.0
12602.0
12603.0
12604.0
12605.0
12606.0
12607.0
12700.0
12701.0
12702.0
12703.0
12704.0
12705.0
12706.0
12707.0
12800.0
12801.0
12802.0
12803.0
12804.0
12805.0
12806.0
12807.0
12900.0
12901.0
12902.0
12903.0
12904.0
12905.0
12906.0
12907.0
13000.0
13001.0
13002.0
13003.0
13004.0
13005.0
13006.0
13007.0
13100.0
13101.0
13102.0
13103.0
13104.0
13105.0
13106.0
13107.0
13200.0
13201.0
13202.0
13203.0
13204.0
13205.0
13206.0
13207.0
13300.0
13301.0
13302.0
13303.0
13304.0
13305.0
13306.0
13307.0
13400.0
13401.0
13402.0
13403.0
13404.0
13405.0
13406.0
13407.0
13500.0
13501.0
13502.0
13503.0
13504.0
13505.0
13506.0
13507.0
13600.0
13601.0
13602.0
13603.0
13604.0
13605.0
13606.0
13607.0
13700.0
13701.0
13702.0
13703.0
13704.0
13705.0
13706.0
13707.0
13800.0
13801.0
13802.0
13803.0
13804.0
13805.0
13806.0
13807.0
13900.0
13901.0
13902.0
13903.0
13904.0
13905.0
13906.0
13907.0
14000.0
14001.0
14002.0
14003.0
14004.0
14005.0
14006.0
14007.0
14100.0
14101.0
14102.0
14103.0
14104.0
14105.0
14106.0
14107.0
14200.0
14201.0
14202.0
14203.0
14204.0
14205.0
14206.0
14207.0
14300.0
14301.0
14302.0
14303.0
14304.0
14305.0
14306.0
14307.0
14400.0
14401.0
14402.0
14403.0
14404.0
14405.0
14406.0
14407.0
14500.0
14501.0
14502.0
14503.0
14504.0
14505.0
14506.0
14507.0
14600.0
14601.0
14602.0
14603.0
14604.0
14605.0
14606.0
14607.0
14700.0
14701.0
14702.0
14703.0
14704.0
14705.0
14706.0
14707.0
14800.0
14801.0
14802.0
14803.0
14804.0
14805.0
14806.0
14807.0
14900.0
14901.0
14902.0
14903.0
14904.0
14905.0
14906.0
14907.0
15000.0
15001.0
15002.0
15003.0
15004.0
15005.0
15006.0
15007.0
15100.0
15101.0
15102.0
15103.0
15104.0
15105.0
15106.0
15107.0
15200.0
15201.0
15202.0
15203.0
15204.0
15205.0
15206.0
15207.0
15300.0
15301.0
15302.0
15303.0
15304.0
15305.0
15306.0
15307.0
15400.0
15401.0
15402.0
15403.0
15404.0
15405.0
15406.0
15407.0
15500.0
15501.0
15502.0
15503.0
15504.0
15505.0
15506.0
15507.0
15600.0
15601.0
15602.0
15603.0
15604.0
15605.0
15606.0
15607.0
15700.0
15701.0
15702.0
15703.0
15704.0
15705.0
15706.0
15707.0
15800.0
15801.0
15802.0
15803.0
15804.0
15805.0
15806.0
15807.0
15900.0
15901.0
15902.0
15903.0
15904.0
15905.0
15906.0
15907.0
16000.0
16001.0
16002.0
16003.0
16004.0
16005.0
16006.0
16007.0
16100.0
16101.0
16102.0
16103.0
16104.0
16105.0
16106.0
16107.0
16200.0
16201.0
16202.0
16203.0
16204.0
16205.0
16206.0
16207.0
16300.0
16301.0
16302.0
16303.0
16304.0
16305.0
16306.0
16307.0
16400.0
16401.0
16402.0
16403.0
16404.0
16405.0
16406.0
16407.0
16500.0
16501.0
16502.0
16503.0
16504.0
16505.0
16506.0
16507.0
16600.0
16601.0
16602.0
16603.0
16604.0
16605.0
16606.0
16607.0
16700.0
16701.0
16702.0
16703.0
16704.0
16705.0
16706.0
16707.0
16800.0
16801.0
16802.0
16803.0
16804.0
16805.0
16806.0
16807.0
16900.0
16901.0
16902.0
16903.0
16904.0
16905.0
16906.0
16907.0
17000.0
17001.0
17002.0
17003.0
17004.0
17005.0
17006.0
17007.0
17100.0
17101.0
17102.0
17103.0
17104.0
17105.0
17106.0
17107.0
17200.0
17201.0
17202.0
17203.0
17204.0
17205.0
17206.0
17207.0
17300.0
17301.0
17302.0
17303.0
17304.0
17305.0
17306.0
17307.0
17400.0
17401.0
17402.0
17403.0
17404.0
17405.0
17406.0
17407.0
17500.0
17501.0
17502.0
17503.0
17504.0
17505.0
17506.0
17507.0
17600.0
17601.0
17602.0
17603.0
17604.0
17605.0
17606.0
17607.0
17700.0
17701.0
17702.0
17703.0
17704.0
17705.0
17706.0
17707.0
17800.0
17801.0
17802.0
17803.0
17804.0
17805.0
17806.0
17807.0
17900.0
17901.0
17902.0
17903.0
17904.0
17905.0
17906.0
17907.0
18000.0
18001.0
18002.0
18003.0
18004.0
18005.0
18006.0
18007.0
18100.0
18101.0
18102.0
18103.0
18104.0
18105.0
18106.0
18107.0
18200.0
18201.0
18202.0
18203.0
18204.0
18205.0
18206.0
18207.0
18300.0
18301.0
18302.0
18303.0
18304.0
18305.0
18306.0
18307.0
18400.0
18401.0
18402.0
18403.0
18404.0
18405.0
18406.0
18407.0
18500.0
18501.0
18502.0
18503.0
18504.0
18505.0
18506.0
18507.0
18600.0
18601.0
18602.0
18603.0
18604.0
18605.0
18606.0
18607.0
18700.0
18701.0
18702.0
18703.0
18704.0
18705.0
18706.0
18707.0
18800.0
18801.0
18802.0
18803.0
18804.0
18805.0
18806.0
18807.0
18900.0
18901.0
18902.0
18903.0
18904.0
18905.0
18906.0
18907.0
19000.0
19001.0
19002.0
19003.0
19004.0
19005.0
19006.0
19007.0
19100.0
19101.0
19102.0
19103.0
19104.0
19105.0
19106.0
19107.0
19200.0
19201.0
19202.0
19203.0
19204.0
19205.0
19206.0
19207.0
19300.0
19301.0
19302.0
19303.0
19304.0
19305.0
19306.0
19307.0
19400.0
19401.0
19402.0
19403.0
19404.0
19405.0
19406.0
19407.0
19500.0
19501.0
19502.0
19503.0
19504.0
19505.0
19506.0
19507.0
19600.0
19601.0
19602.0
19603.0
19604.0
19605.0
19606.0
19607.0
19700.0
19701.0
19702.0
19703.0
19704.0
19705.0
19706.0
19707.0
19800.0
19801.0
19802.0
19803.0
19804.0
19805.0
19806.0
19807.0
19900.0
19901.0
19902.0
19903.0
19904.0
19905.0
19906.0
19907.0
20000.0
20001.0
20002.0
20003.0
20004.0
20005.0
20006.0
20007.0
20100.0
20101.0
20102.0
20103.0
20104.0
20105.0
20106.0
20107.0
20200.0
20201.0
20202.0
20203.0
20204.0
20205.0
20206.0
20207.0
20300.0
20301.0
20302.0
20303.0
20304.0
20305.0
20306.0
20307.0
20400.0
20401.0
20402.0
20403.0
20404.0
20405.0
20406.0
20407.0
20500.0
20501.0
20502.0
20503.0
20504.0
20505.0
20506.0
20507.0
20600.0
20601.0
20602.0
20603.0
20604.0
20605.0
20606.0
20607.0
20700.0
20701.0
20702.0
20703.0
20704.0
20705.0
20706.0
20707.0
20800.0
20801.0
20802.0
20803.0
20804.0
20805.0
20806.0
20807.0
20900.0
20901.0
20902.0
20903.0
20904.0
20905.0
20906.0
20907.0
21000.0
21001.0
21002.0
21003.0
21004.0
21005.0
21006.0
21007.0
21100.0
21101.0
21102.0
21103.0
21104.0
21105.0
21106.0
21107.0
21200.0
21201.0
21202.0
21203.0
21204.0
21205.0
21206.0
21207.0
21300.0
21301.0
21302.0
21303.0
21304.0
21305.0
21306.0
21307.0
21400.0
21401.0
21402.0
21403.0
21404.0
21405.0
21406.0
21407.0
21500.0
21501.0
21502.0
21503.0
21504.0
21505.0
21506.0
21507.0
21600.0
21601.0
21602.0
21603.0
21604.0
21605.0
21606.0
21607.0
21700.0
21701.0
21702.0
21703.0
21704.0
21705.0
21706.0
21707.0
21800.0
21801.0
21802.0
21803.0
21804.0
21805.0
21806.0
21807.0
21900.0
21901.0
21902.0
21903.0
21904.0
21905.0
21906.0
21907.0
22000.0
22001.0
22002.0
22003.0
22004.0
22005.0
22006.0
22007.0
22100.0
22101.0
22102.0
22103.0
22104.0
22105.0
22106.0
22107.0
22200.0
22201.0
22202.0
22203.0
22204.0
22205.0
22206.0
22207.0
22300.0
22301.0
22302.0
22303.0
22304.0
22305.0
22306.0
22307.0
22400.0
22401.0
22402.0
22403.0
22404.0
22405.0
22406.0
22407.0
22500.0
22501.0
22502.0
22503.0
22504.0
22505.0
22506.0
22507.0
22600.0
22601.0
22602.0
22603.0
22604.0
22605.0
22606.0
22607.0
22700.0
22701.0
22702.0
22703.0
22704.0
22705.0
22706.0
22707.0
22800.0
22801.0
22802.0
22803.0
22804.0
22805.0
22806.0
22807.0
22900.0
22901.0
22902.0
22903.0
22904.0
22905.0
22906.0
22907.0
23000.0
23001.0
23002.0
23003.0
23004.0
23005.0
23006.0
23007.0
23100.0
23101.0
23102.0
23103.0
23104.0
23105.0
23106.0
23107.0
23200.0
23201.0
23202.0
23203.0
23204.0
23205.0
23206.0
23207.0
23300.0
23301.0
23302.0
23303.0
23304.0
23305.0
23306.0
23307.0
23400.0
23401.0
23402.0
23403.0
23404.0
23405.0
23406.0
23407.0
23500.0
23501.0
23502.0
23503.0
23504.0
23505.0
23506.0
23507.0
23600.0
23601.0
23602.0
23603.0
23604.0
23605.0
23606.0
23607.0
23700.0
23701.0
23702.0
23703.0
23704.0
23705.0
23706.0
23707.0
23800.0
23801.0
23802.0
23803.0
23804.0
23805.0
23806.0
23807.0
23900.0
23901.0
23902.0
23903.0
23904.0
23905.0
23906.0
23907.0
24000.0
24001.0
24002.0
24003.0
24004.0
24005.0
24006.0
24007.0
24100.0
24101.0
24102.0
24103.0
24104.0
24105.0
24106.0
24107.0
24200.0
24201.0
24202.0
24203.0
24204.0
24205.0
24206.0
24207.0
24300.0
24301.0
24302.0
24303.0
24304.0
24305.0
24306.0
24307.0
24400.0
24401.0
24402.0
24403.0
24404.0
24405.0
24406.0
24407.0
24500.0
24501.0
24502.0
24503.0
24504.0
24505.0
24506.0
24507.0
24600.0
24601.0
24602.0
24603.0
24604.0
24605.0
24606.0
24607.0
24700.0
24701.0
24702.0
24703.0
24704.0
24705.0
24706.0
24707.0
24800.0
24801.0
24802.0
24803.0
24804.0
24805.0
24806.0
24807.0
24900.0
24901.0
24902.0
24903.0
24904.0
24905.0
24906.0
24907.0
25000.0
25001.0
25002.0
25003.0
25004.0
25005.0
25006.0
25007.0
25100.0
25101.0
25102.0
25103.0
25104.0
25105.0
25106.0
25107.0
25200.0
25201.0
25202.0
25203.0
25204.0
25205.0
25206.0
25207.0
25300.0
25301.0
25302.0
25303.0
25304.0
25305.0
25306.0
25307.0
25400.0
25401.0
25402.0
25403.0
25404.0
25405.0
25406.0
25407.0
25500.0
25501.0
25502.0
25503.0
25504.0
25505.0
25506.0
25507.0
25600.0
25601.0
25602.0
25603.0
25604.0
25605.0
25606.0
25607.0
25700.0
25701.0
25702.0
25703.0
25704.0
25705.0
25706.0
25707.0
25800.0
25801.0
25802.0
25803.0
25804.0
25805.0
25806.0
25807.0
25900.0
25901.0
25902.0
25903.0
25904.0
25905.0
25906.0
25907.0
26000.0
26001.0
26002.0
26003.0
26004.0
26005.0
26006.0
26007.0
26100.0
26101.0
26102.0
26103.0
26104.0
26105.0
26106.0
26107.0
26200.0
26201.0
26202.0
26203.0
26204.0
26205.0
26206.0
26207.0
26300.0
26301.0
26302.0
26303.0
26304.0
26305.0
26306.0
26307.0
26400.0
26401.0
26402.0
26403.0
26404.0
26405.0
26406.0
26407.0
26500.0
26501.0
26502.0
26503.0
26504.0
26505.0
26506.0
26507.0
26600.0
26601.0
26602.0
26603.0
26604.0
26605.0
26606.0
26607.0
26700.0
26701.0
26702.0
26703.0
26704.0
26705.0
26706.0
26707.0
26800.0
26801.0
26802.0
26803.0
26804.0
26805.0
26806.0
26807.0
26900.0
26901.0
26902.0
26903.0
26904.0
26905.0
26906.0
26907.0
27000.0
27001.0
27002.0
27003.0
27004.0
27005.0
27006.0
27007.0
27100.0
27101.0
27102.0
27103.0
27104.0
27105.0
27106.0
27107.0
27200.0
27201.0
27202.0
27203.0
27204.0
27205.0
27206.0
27207.0
27300.0
27301.0
27302.0
27303.0
27304.0
27305.0
27306.0
27307.0
27400.0
27401.0
27402.0
27403.0
27404.0
27405.0
27406.0
27407.0
27500.0
27501.0
27502.0
27503.0
27504.0
27505.0
27506.0
27507.0
27600.0
27601.0
27602.0
27603.0
27604.0
27605.0
27606.0
27607.0
27700.0
27701.0
27702.0
27703.0
27704.0
27705.0
27706.0
27707.0
27800.0
27801.0
27802.0
27803.0
27804.0
27805.0
27806.0
27807.0
27900.0
27901.0
27902.0
27903.0
27904.0
27905.0
27906.0
27907.0
28000.0
28001.0
28002.0
28003.0
28004.0
28005.0
28006.0
28007.0
28100.0
28101.0
28102.0
28103.0
28104.0
28105.0
28106.0
28107.0
28200.0
28201.0
28202.0
28203.0
28204.0
28205.0
28206.0
28207.0
28300.0
28301.0
28302.0
28303.0
28304.0
28305.0
28306.0
28307.0
28400.0
28401.0
28402.0
28403.0
28404.0
28405.0
28406.0
28407.0
28500.0
28501.0
28502.0
28503.0
28504.0
28505.0
28506.0
28507.0
28600.0
28601.0
28602.0
28603.0
28604.0
28605.0
28606.0
28607.0
28700.0
28701.0
28702.0
28703.0
28704.0
28705.0
28706.0
28707.0
28800.0
28801.0
28802.0
28803.0
28804.0
28805.0
28806.0
28807.0
28900.0
28901.0
28902.0
28903.0
28904.0
28905.0
28906.0
28907.0
29000.0
29001.0
29002.0
29003.0
29004.0
29005.0
29006.0
29007.0
29100.0
29101.0
29102.0
29103.0
29104.0
29105.0
29106.0
29107.0
29200.0
29201.0
29202.0
29203.0
29204.0
29205.0
29206.0
29207.0
29300.0
29301.0
29302.0
29303.0
29304.0
29305.0
29306.0
29307.0
29400.0
29401.0
29402.0
29403.0
29404.0
29405.0
29406.0
29407.0
29500.0
29501.0
29502.0
29503.0
29504.0
29505.0
29506.0
29507.0
29600.0
29601.0
29602.0
29603.0
29604.0
29605.0
29606.0
29607.0
29700.0
29701.0
29702.0
29703.0
29704.0
29705.0
29706.0
29707.0
29800.0
29801.0
29802.0
29803.0
29804.0
29805.0
29806.0
29807.0
29900.0
29901.0
29902.0
29903.0
29904.0
29905.0
29906.0
29907.0
30000.0
30001.0
30002.0
30003.0
30004.0
30005.0
30006.0
30007.0
30100.0
30101.0
30102.0
30103.0
30104.0
30105.0
30106.0
30107.0
30200.0
30201.0
30202.0
30203.0
30204.0
30205.0
30206.0
30207.0
30300.0
30301.0
30302.0
30303.0
30304.0
30305.0
30306.0
30307.0
30400.0
30401.0
30402.0
30403.0
30404.0
30405.0
30406.0
30407.0
30500.0
30501.0
30502.0
30503.0
30504.0
30505.0
30506.0
30507.0
30600.0
30601.0
30602.0
30603.0
30604.0
30605.0
30606.0
30607.0
30700.0
30701.0
30702.0
30703.0
30704.0
30705.0
30706.0
30707.0
30800.0
30801.0
30802.0
30803.0
30804.0
30805.0
30806.0
30807.0
30900.0
30901.0
30902.0
30903.0
30904.0
30905.0
30906.0
30907.0
31000.0
31001.0
31002.0
31003.0
31004.0
31005.0
31006.0
31007.0
31100.0
31101.0
31102.0
31103.0
31104.0
31105.0
31106.0
31107.0
31200.0
31201.0
31202.0
31203.0
31204.0
31205.0
31206.0
31207.0
31300.0
31301.0
31302.0
31303.0
31304.0
31305.0
31306.0
31307.0
31400.0
31401.0
31402.0
31403.0
31404.0
31405.0
31406.0
31407.0
31500.0
31501.0
31502.0
31503.0
31504.0
31505.0
31506.0
31507.0
31600.0
31601.0
31602.0
31603.0
31604.0
31605.0
31606.0
31607.0
31700.0
31701.0
31702.0
31703.0
31704.0
31705.0
31706.0
31707.0
31800.0
31801.0
31802.0
31803.0
31804.0
31805.0
31806.0
31807.0
31900.0
31901.0
31902.0
31903.0
31904.0
31905.0
31906.0
31907.0
32000.0
32001.0
32002.0
32003.0
32004.0
32005.0
32006.0
32007.0
32100.0
32101.0
32102.0
32103.0
32104.0
32105.0
32106.0
32107.0
32200.0
32201.0
32202.0
32203.0
32204.0
32205.0
32206.0
32207.0
32300.0
32301.0
32302.0
32303.0
32304.0
32305.0
32306.0
32307.0
32400.0
32401.0
32402.0
32403.0
32404.0
32405.0
32406.0
32407.0
32500.0
32501.0
32502.0
32503.0
32504.0
32505.0
32506.0
32507.0
32600.0
32601.0
32602.0
32603.0
32604.0
32605.0
32606.0
32607.0
32700.0
32701.0
32702.0
32703.0
32704.0
32705.0
32706.0
32707.0
32800.0
32801.0
32802.0
32803.0
32804.0
32805.0
32806.0
32807.0
32900.0
32901.0
32902.0
32903.0
32904.0
32905.0
32906.0
32907.0
33000.0
33001.0
33002.0
33003.0
33004.0
33005.0
33006.0
33007.0
33100.0
33101.0
33102.0
33103.0
33104.0
33105.0
33106.0
33107.0
33200.0
33201.0
33202.0
33203.0
33204.0
33205.0
33206.0
33207.0
33300.0
33301.0
33302.0
33303.0
33304.0
33305.0
33306.0
33307.0
33400.0
33401.0
33402.0
33403.0
33404.0
33405.0
33406.0
33407.0
33500.0
33501.0
33502.0
33503.0
33504.0
33505.0
33506.0
33507.0
33600.0
33601.0
33602.0
33603.0
33604.0
33605.0
33606.0
33607.0
33700.0
33701.0
33702.0
33703.0
33704.0
33705.0
33706.0
33707.0
33800.0
33801.0
33802.0
33803.0
33804.0
33805.0
33806.0
33807.0
33900.0
33901.0
33902.0
33903.0
33904.0
33905.0
33906.0
33907.0
34000.0
34001.0
34002.0
34003.0
34004.0
34005.0
34006.0
34007.0
34100.0
34101.0
34102.0
34103.0
34104.0
34105.0
34106.0
34107.0
34200.0
34201.0
34202.0
34203.0
34204.0
34205.0
34206.0
34207.0
34300.0
34301.0
34302.0
34303.0
34304.0
34305.0
34306.0
34307.0
34400.0
34401.0
34402.0
34403.0
34404.0
34405.0
34406.0
34407.0
34500.0
34501.0
34502.0
34503.0
34504.0
34505.0
34506.0
34507.0
34600.0
34601.0
34602.0
34603.0
34604.0
34605.0
34606.0
34607.0
34700.0
34701.0
34702.0
34703.0
34704.0
34705.0
34706.0
34707.0
34800.0
34801.0
34802.0
34803.0
34804.0
34805.0
34806.0
34807.0
34900.0
34901.0
34902.0
34903.0
34904.0
34905.0
34906.0
34907.0
35000.0
35001.0
35002.0
35003.0
35004.0
35005.0
35006.0
35007.0
35100.0
35101.0
35102.0
35103.0
35104.0
35105.0
35106.0
35107.0
35200.0
35201.0
35202.0
35203.0
35204.0
35205.0
35206.0
35207.0
35300.0
35301.0
35302.0
35303.0
35304.0
35305.0
35306.0
35307.0
35400.0
35401.0
35402.0
35403.0
35404.0
35405.0
35406.0
35407.0
35500.0
35501.0
35502.0
35503.0
35504.0
35505.0
35506.0
35507.0
35600.0
35601.0
35602.0
35603.0
35604.0
35605.0
35606.0
35607.0
35700.0
35701.0
35702.0
35703.0
35704.0
35705.0
35706.0
35707.0
35800.0
35801.0
35802.0
35803.0
35804.0
35805.0
35806.0
35807.0
35900.0
35901.0
35902.0
35903.0
35904.0
35905.0
35906.0
35907.0
36000.0
36001.0
36002.0
36003.0
36004.0
36005.0
36006.0
36007.0
36100.0
36101.0
36102.0
36103.0
36104.0
36105.0
36106.0
36107.0
36200.0
36201.0
36202.0
36203.0
36204.0
36205.0
36206.0
36207.0
36300.0
36301.0
36302.0
36303.0
36304.0
36305.0
36306.0
36307.0
36400.0
36401.0
36402.0
36403.0
36404.0
36405.0
36406.0
36407.0
36500.0
36501.0
36502.0
36503.0
36504.0
36505.0
36506.0
36507.0
36600.0
36601.0
36602.0
36603.0
36604.0
36605.0
36606.0
36607.0
36700.0
36701.0
36702.0
36703.0
36704.0
36705.0
36706.0
36707.0
36800.0
36801.0
36802.0
36803.0
36804.0
36805.0
36806.0
36807.0
36900.0
36901.0
36902.0
36903.0
36904.0
36905.0
36906.0
36907.0
37000.0
37001.0
37002.0
37003.0
37004.0
37005.0
37006.0
37007.0
37100.0
37101.0
37102.0
37103.0
37104.0
37105.0
37106.0
37107.0
37200.0
37201.0
37202.0
37203.0
37204.0
37205.0
37206.0
37207.0
37300.0
37301.0
37302.0
37303.0
37304.0
37305.0
37306.0
37307.0
37400.0
37401.0
37402.0
37403.0
37404.0
37405.0
37406.0
37407.0
37500.0
37501.0
37502.0
37503.0
37504.0
37505.0
37506.0
37507.0
37600.0
37601.0
37602.0
37603.0
37604.0
37605.0
37606.0
37607.0
37700.0
37701.0
37702.0
37703.0
37704.0
37705.0
37706.0
37707.0
37800.0
37801.0
37802.0
37803.0
37804.0
37805.0
37806.0
37807.0
37900.0
37901.0
37902.0
37903.0
37904.0
37905.0
37906.0
37907.0
38000.0
38001.0
38002.0
38003.0
38004.0
38005.0
38006.0
38007.0
38100.0
38101.0
38102.0
38103.0
38104.0
38105.0
38106.0
38107.0
38200.0
38201.0
38202.0
38203.0
38204.0
38205.0
38206.0
38207.0
38300.0
38301.0
38302.0
38303.0
38304.0
38305.0
38306.0
38307.0
38400.0
38401.0
38402.0
38403.0
38404.0
38405.0
38406.0
38407.0
38500.0
38501.0
38502.0
38503.0
38504.0
38505.0
38506.0
38507.0
38600.0
38601.0
38602.0
38603.0
38604.0
38605.0
38606.0
38607.0
38700.0
38701.0
38702.0
38703.0
38704.0
38705.0
38706.0
38707.0
38800.0
38801.0
38802.0
38803.0
38804.0
38805.0
38806.0
38807.0
38900.0
38901.0
38902.0
38903.0
38904.0
38905.0
38906.0
38907.0
39000.0
39001.0
39002.0
39003.0
39004.0
39005.0
39006.0
39007.0
39100.0
39101.0
39102.0
39103.0
39104.0
39105.0
39106.0
39107.0
39200.0
39201.0
39202.0
39203.0
39204.0
39205.0
39206.0
39207.0
39300.0
39301.0
39302.0
39303.0
39304.0
39305.0
39306.0
39307.0
39400.0
39401.0
39402.0
39403.0
39404.0
39405.0
39406.0
39407.0
39500.0
39501.0
39502.0
39503.0
39504.0
39505.0
39506.0
39507.0
39600.0
39601.0
39602.0
39603.0
39604.0
39605.0
39606.0
39607.0
39700.0
39701.0
39702.0
39703.0
39704.0
39705.0
39706.0
39707.0
39800.0
39801.0
39802.0
39803.0
39804.0
39805.0
39806.0
39807.0
39900.0
39901.0
39902.0
39903.0
39904.0
39905.0
39906.0
39907.0
40000.0
40001.0
40002.0
40003.0
40004.0
40005.0
40006.0
40007.0
40100.0
40101.0
40102.0
40103.0
40104.0
40105.0
40106.0
40107.0
40200.0
40201.0
40202.0
40203.0
40204.0
40205.0
40206.0
40207.0
40300.0
40301.0
40302.0
40303.0
40304.0
40305.0
40306.0
40307.0
40400.0
40401.0
40402.0
40403.0
40404.0
40405.0
40406.0
40407.0
40500.0
40501.0
40502.0
40503.0
40504.0
40505.0
40506.0
40507.0
40600.0
40601.0
40602.0
40603.0
40604.0
40605.0
40606.0
40607.0
40700.0
40701.0
40702.0
40703.0
40704.0
40705.0
40706.0
40707.0
40800.0
40801.0
40802.0
40803.0
40804.0
40805.0
40806.0
40807.0
40900.0
40901.0
40902.0
40903.0
40904.0
40905.0
40906.0
40907.0
41000.0
41001.0
41002.0
41003.0
41004.0
41005.0
41006.0
41007.0
41100.0
41101.0
41102.0
41103.0
41104.0
41105.0
41106.0
41107.0
41200.0
41201.0
41202.0
41203.0
41204.0
41205.0
41206.0
41207.0
41300.0
41301.0
41302.0
41303.0
41304.0
41305.0
41306.0
41307.0
41400.0
41401.0
41402.0
41403.0
41404.0
41405.0
41406.0
41407.0
41500.0
41501.0
41502.0
41503.0
41504.0
41505.0
41506.0
41507.0
41600.0
41601.0
41602.0
41603.0
41604.0
41605.0
41606.0
41607.0
41700.0
41701.0
41702.0
41703.0
41704.0
41705.0
41706.0
41707.0
41800.0
41801.0
41802.0
41803.0
41804.0
41805.0
41806.0
41807.0
41900.0
41901.0
41902.0
41903.0
41904.0
41905.0
41906.0
41907.0
42000.0
42001.0
42002.0
42003.0
42004.0
42005.0
42006.0
42007.0
42100.0
42101.0
42102.0
42103.0
42104.0
42105.0
42106.0
42107.0
42200.0
42201.0
42202.0
42203.0
42204.0
42205.0
42206.0
42207.0
42300.0
42301.0
42302.0
42303.0
42304.0
42305.0
42306.0
42307.0
42400.0
42401.0
42402.0
42403.0
42404.0
42405.0
42406.0
42407.0
42500.0
42501.0
42502.0
42503.0
42504.0
42505.0
42506.0
42507.0
42600.0
42601.0
42602.0
42603.0
42604.0
42605.0
42606.0
42607.0
42700.0
42701.0
42702.0
42703.0
42704.0
42705.0
42706.0
42707.0
42800.0
42801.0
42802.0
42803.0
42804.0
42805.0
42806.0
42807.0
42900.0
42901.0
42902.0
42903.0
42904.0
42905.0
42906.0
42907.0
43000.0
43001.0
43002.0
43003.0
43004.0
43005.0
43006.0
43007.0
43100.0
43101.0
43102.0
43103.0
43104.0
43105.0
43106.0
43107.0
43200.0
43201.0
43202.0
43203.0
43204.0
43205.0
43206.0
43207.0
43300.0
43301.0
43302.0
43303.0
43304.0
43305.0
43306.0
43307.0
43400.0
43401.0
43402.0
43403.0
43404.0
43405.0
43406.0
43407.0
43500.0
43501.0
43502.0
43503.0
43504.0
43505.0
43506.0
43507.0
43600.0
43601.0
43602.0
43603.0
43604.0
43605.0
43606.0
43607.0
43700.0
43701.0
43702.0
43703.0
43704.0
43705.0
43706.0
43707.0
43800.0
43801.0
43802.0
43803.0
43804.0
43805.0
43806.0
43807.0
43900.0
43901.0
43902.0
43903.0
43904.0
43905.0
43906.0
43907.0
44000.0
44001.0
44002.0
44003.0
44004.0
44005.0
44006.0
44007.0
44100.0
44101.0
44102.0
44103.0
44104.0
44105.0
44106.0
44107.0
44200.0
44201.0
44202.0
44203.0
44204.0
44205.0
44206.0
44207.0
44300.0
44301.0
44302.0
44303.0
44304.0
44305.0
44306.0
44307.0
44400.0
44401.0
44402.0
44403.0
44404.0
44405.0
44406.0
44407.0
44500.0
44501.0
44502.0
44503.0
44504.0
44505.0
44506.0
44507.0
44600.0
44601.0
44602.0
44603.0
44604.0
44605.0
44606.0
44607.0
44700.0
44701.0
44702.0
44703.0
44704.0
44705.0
44706.0
44707.0
44800.0
44801.0
44802.0
44803.0
44804.0
44805.0
44806.0
44807.0
44900.0
44901.0
44902.0
44903.0
44904.0
44905.0
44906.0
44907.0
45000.0
45001.0
45002.0
45003.0
45004.0
45005.0
45006.0
45007.0
45100.0
45101.0
45102.0
45103.0
45104.0
45105.0
45106.0
45107.0
45200.0
45201.0
45202.0
45203.0
45204.0
45205.0
45206.0
45207.0
45300.0
45301.0
45302.0
45303.0
45304.0
45305.0
45306.0
45307.0
45400.0
45401.0
45402.0
45403.0
45404.0
45405.0
45406.0
45407.0
45500.0
45501.0
45502.0
45503.0
45504.0
45505.0
45506.0
45507.0
45600.0
45601.0
45602.0
45603.0
45604.0
45605.0
45606.0
45607.0
45700.0
45701.0
45702.0
45703.0
45704.0
45705.0
45706.0
45707.0
45800.0
45801.0
45802.0
45803.0
45804.0
45805.0
45806.0
45807.0
45900.0
45901.0
45902.0
45903.0
45904.0
45905.0
45906.0
45907.0
46000.0
46001.0
46002.0
46003.0
46004.0
46005.0
46006.0
46007.0
46100.0
46101.0
46102.0
46103.0
46104.0
46105.0
46106.0
46107.0
46200.0
46201.0
46202.0
46203.0
46204.0
46205.0
46206.0
46207.0
46300.0
46301.0
46302.0
46303.0
46304.0
46305.0
46306.0
46307.0
46400.0
46401.0
46402.0
46403.0
46404.0
46405.0
46406.0
46407.0
46500.0
46501.0
46502.0
46503.0
46504.0
46505.0
46506.0
46507.0
46600.0
46601.0
46602.0
46603.0
46604.0
46605.0
46606.0
46607.0
46700.0
46701.0
46702.0
46703.0
46704.0
46705.0
46706.0
46707.0
46800.0
46801.0
46802.0
46803.0
46804.0
46805.0
46806.0
46807.0
46900.0
46901.0
46902.0
46903.0
46904.0
46905.0
46906.0
46907.0
47000.0
47001.0
47002.0
47003.0
47004.0
47005.0
47006.0
47007.0
47100.0
47101.0
47102.0
47103.0
47104.0
47105.0
47106.0
47107.0
47200.0
47201.0
47202.0
47203.0
47204.0
47205.0
47206.0
47207.0
47300.0
47301.0
47302.0
47303.0
47304.0
47305.0
47306.0
47307.0
47400.0
47401.0
47402.0
47403.0
47404.0
47405.0
47406.0
47407.0
47500.0
47501.0
47502.0
47503.0
47504.0
47505.0
47506.0
47507.0
47600.0
47601.0
47602.0
47603.0
47604.0
47605.0
47606.0
47607.0
47700.0
47701.0
47702.0
47703.0
47704.0
47705.0
47706.0
47707.0
47800.0
47801.0
47802.0
47803.0
47804.0
47805.0
47806.0
47807.0
47900.0
47901.0
47902.0
47903.0
47904.0
47905.0
47906.0
47907.0
48000.0
48001.0
48002.0
48003.0
48004.0
48005.0
48006.0
48007.0
48100.0
48101.0
48102.0
48103.0
48104.0
48105.0
48106.0
48107.0
48200.0
48201.0
48202.0
48203.0
48204.0
48205.0
48206.0
48207.0
48300.0
48301.0
48302.0
48303.0
48304.0
48305.0
48306.0
48307.0
48400.0
48401.0
48402.0
48403.0
48404.0
48405.0
48406.0
48407.0
48500.0
48501.0
48502.0
48503.0
48504.0
48505.0
48506.0
48507.0
48600.0
48601.0
48602.0
48603.0
48604.0
48605.0
48606.0
48607.0
48700.0
48701.0
48702.0
48703.0
48704.0
48705.0
48706.0
48707.0
48800.0
48801.0
48802.0
48803.0
48804.0
48805.0
48806.0
48807.0
48900.0
48901.0
48902.0
48903.0
48904.0
48905.0
48906.0
48907.0
49000.0
49001.0
49002.0
49003.0
49004.0
49005.0
49006.0
49007.0
49100.0
49101.0
49102.0
49103.0
49104.0
49105.0
49106.0
49107.0
49200.0
49201.0
49202.0
49203.0
49204.0
49205.0
49206.0
49207.0
49300.0
49301.0
49302.0
49303.0
49304.0
49305.0
49306.0
49307.0
49400.0
49401.0
49402.0
49403.0
49404.0
49405.0
49406.0
49407.0
49500.0
49501.0
49502.0
49503.0
49504.0
49505.0
49506.0
49507.0
49600.0
49601.0
49602.0
49603.0
49604.0
49605.0
49606.0
49607.0
49700.0
49701.0
49702.0
49703.0
49704.0
49705.0
49706.0
49707.0
49800.0
49801.0
49802.0
49803.0
49804.0
49805.0
49806.0
49807.0
49900.0
49901.0
49902.0
49903.0
49904.0
49905.0
49906.0
49907.0
50000.0
50001.0
50002.0
50003.0
50004.0
50005.0
50006.0
50007.0
50100.0
50101.0
50102.0
50103.0
50104.0
50105.0
50106.0
50107.0
50200.0
50201.0
50202.0
50203.0
50204.0
50205.0
50206.0
50207.0
50300.0
50301.0
50302.0
50303.0
50304.0
50305.0
50306.0
50307.0
50400.0
50401.0
50402.0
50403.0
50404.0
50405.0
50406.0
50407.0
50500.0
50501.0
50502.0
50503.0
50504.0
50505.0
50506.0
50507.0
50600.0
50601.0
50602.0
50603.0
50604.0
50605.0
50606.0
50607.0
50700.0
50701.0
50702.0
50703.0
50704.0
50705.0
50706.0
50707.0
50800.0
50801.0
50802.0
50803.0
50804.0
50805.0
50806.0
50807.0
50900.0
50901.0
50902.0
50903.0
50904.0
50905.0
50906.0
50907.0
51000.0
51001.0
51002.0
51003.0
51004.0
51005.0
51006.0
51007.0
51100.0
51101.0
51102.0
51103.0
51104.0
51105.0
51106.0
51107.0
51200.0
51201.0
51202.0
51203.0
51204.0
51205.0
51206.0
51207.0
51300.0
51301.0
51302.0
51303.0
51304.0
51305.0
51306.0
51307.0
51400.0
51401.0
51402.0
51403.0
51404.0
51405.0
51406.0
51407.0
51500.0
51501.0
51502.0
51503.0
51504.0
51505.0
51506.0
51507.0
51600.0
51601.0
51602.0
51603.0
51604.0
51605.0
51606.0
51607.0
51700.0
51701.0
51702.0
51703.0
51704.0
51705.0
51706.0
51707.0
51800.0
51801.0
51802.0
51803.0
51804.0
51805.0
51806.0
51807.0
100000.0
100001.0
100002.0
100003.0
100004.0
100005.0
100006.0
100007.0
100100.0
100101.0
100102.0
100103.0
100104.0
100105.0
100106.0
100107.0
100200.0
100201.0
100202.0
100203.0
100204.0
100205.0
100206.0
100207.0
100300.0
100301.0
100302.0
100303.0
100304.0
100305.0
100306.0
100307.0
100400.0
100401.0
100402.0
100403.0
100404.0
100405.0
100406.0
100407.0
100500.0
100501.0
100502.0
100503.0
100504.0
100505.0
100506.0
100507.0
100600.0
100601.0
100602.0
100603.0
100604.0
100605.0
100606.0
100607.0
100700.0
100701.0
100702.0
100703.0
100704.0
100705.0
100706.0
100707.0
100800.0
100801.0
100802.0
100803.0
100804.0
100805.0
100806.0
100807.0
100900.0
100901.0
100902.0
100903.0
100904.0
100905.0
100906.0
100907.0
101000.0
101001.0
101002.0
101003.0
101004.0
101005.0
101006.0
101007.0
101100.0
101101.0
101102.0
101103.0
101104.0
101105.0
101106.0
101107.0
101200.0
101201.0
101202.0
101203.0
101204.0
101205.0
101206.0
101207.0
101300.0
101301.0
101302.0
101303.0
101304.0
101305.0
101306.0
101307.0
101400.0
101401.0
101402.0
101403.0
101404.0
101405.0
101406.0
101407.0
101500.0
101501.0
101502.0
101503.0
101504.0
101505.0
101506.0
101507.0
101600.0
101601.0
101602.0
101603.0
101604.0
101605.0
101606.0
101607.0
101700.0
101701.0
101702.0
101703.0
101704.0
101705.0
101706.0
101707.0
101800.0
101801.0
101802.0
101803.0
101804.0
101805.0
101806.0
101807.0
101900.0
101901.0
101902.0
101903.0
101904.0
101905.0
101906.0
101907.0
102000.0
102001.0
102002.0
102003.0
102004.0
102005.0
102006.0
102007.0
102100.0
102101.0
102102.0
102103.0
102104.0
102105.0
102106.0
102107.0
102200.0
102201.0
102202.0
102203.0
102204.0
102205.0
102206.0
102207.0
102300.0
102301.0
102302.0
102303.0
102304.0
102305.0
102306.0
102307.0
102400.0
102401.0
102402.0
102403.0
102404.0
102405.0
102406.0
102407.0
102500.0
102501.0
102502.0
102503.0
102504.0
102505.0
102506.0
102507.0
102600.0
102601.0
102602.0
102603.0
102604.0
102605.0
102606.0
102607.0
102700.0
102701.0
102702.0
102703.0
102704.0
102705.0
102706.0
102707.0
102800.0
102801.0
102802.0
102803.0
102804.0
102805.0
102806.0
102807.0
102900.0
102901.0
102902.0
102903.0
102904.0
102905.0
102906.0
102907.0
103000.0
103001.0
103002.0
103003.0
103004.0
103005.0
103006.0
103007.0
103100.0
103101.0
103102.0
103103.0
103104.0
103105.0
103106.0
103107.0
103200.0
103201.0
103202.0
103203.0
103204.0
103205.0
103206.0
103207.0
103300.0
103301.0
103302.0
103303.0
103304.0
103305.0
103306.0
103307.0
103400.0
103401.0
103402.0
103403.0
103404.0
103405.0
103406.0
103407.0
103500.0
103501.0
103502.0
103503.0
103504.0
103505.0
103506.0
103507.0
103600.0
103601.0
103602.0
103603.0
103604.0
103605.0
103606.0
103607.0
103700.0
103701.0
103702.0
103703.0
103704.0
103705.0
103706.0
103707.0
103800.0
103801.0
103802.0
103803.0
103804.0
103805.0
103806.0
103807.0
103900.0
103901.0
103902.0
103903.0
103904.0
103905.0
103906.0
103907.0
104000.0
104001.0
104002.0
104003.0
104004.0
104005.0
104006.0
104007.0
104100.0
104101.0
104102.0
104103.0
104104.0
104105.0
104106.0
104107.0
104200.0
104201.0
104202.0
104203.0
104204.0
104205.0
104206.0
104207.0
104300.0
104301.0
104302.0
104303.0
104304.0
104305.0
104306.0
104307.0
104400.0
104401.0
104402.0
104403.0
104404.0
104405.0
104406.0
104407.0
104500.0
104501.0
104502.0
104503.0
104504.0
104505.0
104506.0
104507.0
104600.0
104601.0
104602.0
104603.0
104604.0
104605.0
104606.0
104607.0
104700.0
104701.0
104702.0
104703.0
104704.0
104705.0
104706.0
104707.0
104800.0
104801.0
104802.0
104803.0
104804.0
104805.0
104806.0
104807.0
104900.0
104901.0
104902.0
104903.0
104904.0
104905.0
104906.0
104907.0
105000.0
105001.0
105002.0
105003.0
105004.0
105005.0
105006.0
105007.0
105100.0
105101.0
105102.0
105103.0
105104.0
105105.0
105106.0
105107.0
105200.0
105201.0
105202.0
105203.0
105204.0
105205.0
105206.0
105207.0
105300.0
105301.0
105302.0
105303.0
105304.0
105305.0
105306.0
105307.0
105400.0
105401.0
105402.0
105403.0
105404.0
105405.0
105406.0
105407.0
105500.0
105501.0
105502.0
105503.0
105504.0
105505.0
105506.0
105507.0
105600.0
105601.0
105602.0
105603.0
105604.0
105605.0
105606.0
105607.0
105700.0
105701.0
105702.0
105703.0
105704.0
105705.0
105706.0
105707.0
105800.0
105801.0
105802.0
105803.0
105804.0
105805.0
105806.0
105807.0
105900.0
105901.0
105902.0
105903.0
105904.0
105905.0
105906.0
105907.0
106000.0
106001.0
106002.0
106003.0
106004.0
106005.0
106006.0
106007.0
106100.0
106101.0
106102.0
106103.0
106104.0
106105.0
106106.0
106107.0
106200.0
106201.0
106202.0
106203.0
106204.0
106205.0
106206.0
106207.0
106300.0
106301.0
106302.0
106303.0
106304.0
106305.0
106306.0
106307.0
106400.0
106401.0
106402.0
106403.0
106404.0
106405.0
106406.0
106407.0
106500.0
106501.0
106502.0
106503.0
106504.0
106505.0
106506.0
106507.0
106600.0
106601.0
106602.0
106603.0
106604.0
106605.0
106606.0
106607.0
106700.0
106701.0
106702.0
106703.0
106704.0
106705.0
106706.0
106707.0
106800.0
106801.0
106802.0
106803.0
106804.0
106805.0
106806.0
106807.0
106900.0
106901.0
106902.0
106903.0
106904.0
106905.0
106906.0
106907.0
107000.0
107001.0
107002.0
107003.0
107004.0
107005.0
107006.0
107007.0
107100.0
107101.0
107102.0
107103.0
107104.0
107105.0
107106.0
107107.0
107200.0
107201.0
107202.0
107203.0
107204.0
107205.0
107206.0
107207.0
107300.0
107301.0
107302.0
107303.0
107304.0
107305.0
107306.0
107307.0
107400.0
107401.0
107402.0
107403.0
107404.0
107405.0
107406.0
107407.0
107500.0
107501.0
107502.0
107503.0
107504.0
107505.0
107506.0
107507.0
107600.0
107601.0
107602.0
107603.0
107604.0
107605.0
107606.0
107607.0
107700.0
107701.0
107702.0
107703.0
107704.0
107705.0
107706.0
107707.0
107800.0
107801.0
107802.0
107803.0
107804.0
107805.0
107806.0
107807.0
107900.0
107901.0
107902.0
107903.0
107904.0
107905.0
107906.0
107907.0
108000.0
108001.0
108002.0
108003.0
108004.0
108005.0
108006.0
108007.0
108100.0
108101.0
108102.0
108103.0
108104.0
108105.0
108106.0
108107.0
108200.0
108201.0
108202.0
108203.0
108204.0
108205.0
108206.0
108207.0
108300.0
108301.0
108302.0
108303.0
108304.0
108305.0
108306.0
108307.0
108400.0
108401.0
108402.0
108403.0
108404.0
108405.0
108406.0
108407.0
108500.0
108501.0
108502.0
108503.0
108504.0
108505.0
108506.0
108507.0
108600.0
108601.0
108602.0
108603.0
108604.0
108605.0
108606.0
108607.0
108700.0
108701.0
108702.0
108703.0
108704.0
108705.0
108706.0
108707.0
108800.0
108801.0
108802.0
108803.0
108804.0
108805.0
108806.0
108807.0
108900.0
108901.0
108902.0
108903.0
108904.0
108905.0
108906.0
108907.0
109000.0
109001.0
109002.0
109003.0
109004.0
109005.0
109006.0
109007.0
109100.0
109101.0
109102.0
109103.0
109104.0
109105.0
109106.0
109107.0
109200.0
109201.0
109202.0
109203.0
109204.0
109205.0
109206.0
109207.0
109300.0
109301.0
109302.0
109303.0
109304.0
109305.0
109306.0
109307.0
109400.0
109401.0
109402.0
109403.0
109404.0
109405.0
109406.0
109407.0
109500.0
109501.0
109502.0
109503.0
109504.0
109505.0
109506.0
109507.0
109600.0
109601.0
109602.0
109603.0
109604.0
109605.0
109606.0
109607.0
109700.0
109701.0
109702.0
109703.0
109704.0
109705.0
109706.0
109707.0
109800.0
109801.0
109802.0
109803.0
109804.0
109805.0
109806.0
109807.0
109900.0
109901.0
109902.0
109903.0
109904.0
109905.0
109906.0
109907.0
110000.0
110001.0
110002.0
110003.0
110004.0
110005.0
110006.0
110007.0
110100.0
110101.0
110102.0
110103.0
110104.0
110105.0
110106.0
110107.0
110200.0
110201.0
110202.0
110203.0
110204.0
110205.0
110206.0
110207.0
110300.0
110301.0
110302.0
110303.0
110304.0
110305.0
110306.0
110307.0
110400.0
110401.0
110402.0
110403.0
110404.0
110405.0
110406.0
110407.0
110500.0
110501.0
110502.0
110503.0
110504.0
110505.0
110506.0
110507.0
110600.0
110601.0
110602.0
110603.0
110604.0
110605.0
110606.0
110607.0
110700.0
110701.0
110702.0
110703.0
110704.0
110705.0
110706.0
110707.0
110800.0
110801.0
110802.0
110803.0
110804.0
110805.0
110806.0
110807.0
110900.0
110901.0
110902.0
110903.0
110904.0
110905.0
110906.0
110907.0
111000.0
111001.0
111002.0
111003.0
111004.0
111005.0
111006.0
111007.0
111100.0
111101.0
111102.0
111103.0
111104.0
111105.0
111106.0
111107.0
111200.0
111201.0
111202.0
111203.0
111204.0
111205.0
111206.0
111207.0
111300.0
111301.0
111302.0
111303.0
111304.0
111305.0
111306.0
111307.0
111400.0
111401.0
111402.0
111403.0
111404.0
111405.0
111406.0
111407.0
111500.0
111501.0
111502.0
111503.0
111504.0
111505.0
111506.0
111507.0
111600.0
111601.0
111602.0
111603.0
111604.0
111605.0
111606.0
111607.0
111700.0
111701.0
111702.0
111703.0
111704.0
111705.0
111706.0
111707.0
111800.0
111801.0
111802.0
111803.0
111804.0
111805.0
111806.0
111807.0
111900.0
111901.0
111902.0
111903.0
111904.0
111905.0
111906.0
111907.0
112000.0
112001.0
112002.0
112003.0
112004.0
112005.0
112006.0
112007.0
112100.0
112101.0
112102.0
112103.0
112104.0
112105.0
112106.0
112107.0
112200.0
112201.0
112202.0
112203.0
112204.0
112205.0
112206.0
112207.0
112300.0
112301.0
112302.0
112303.0
112304.0
112305.0
112306.0
112307.0
112400.0
112401.0
112402.0
112403.0
112404.0
112405.0
112406.0
112407.0
112500.0
112501.0
112502.0
112503.0
112504.0
112505.0
112506.0
112507.0
112600.0
112601.0
112602.0
112603.0
112604.0
112605.0
112606.0
112607.0
112700.0
112701.0
112702.0
112703.0
112704.0
112705.0
112706.0
112707.0
112800.0
112801.0
112802.0
112803.0
112804.0
112805.0
112806.0
112807.0
112900.0
112901.0
112902.0
112903.0
112904.0
112905.0
112906.0
112907.0
113000.0
113001.0
113002.0
113003.0
113004.0
113005.0
113006.0
113007.0
113100.0
113101.0
113102.0
113103.0
113104.0
113105.0
113106.0
113107.0
113200.0
113201.0
113202.0
113203.0
113204.0
113205.0
113206.0
113207.0
113300.0
113301.0
113302.0
113303.0
113304.0
113305.0
113306.0
113307.0
113400.0
113401.0
113402.0
113403.0
113404.0
113405.0
113406.0
113407.0
113500.0
113501.0
113502.0
113503.0
113504.0
113505.0
113506.0
113507.0
113600.0
113601.0
113602.0
113603.0
113604.0
113605.0
113606.0
113607.0
113700.0
113701.0
113702.0
113703.0
113704.0
113705.0
113706.0
113707.0
113800.0
113801.0
113802.0
113803.0
113804.0
113805.0
113806.0
113807.0
113900.0
113901.0
113902.0
113903.0
113904.0
113905.0
113906.0
113907.0
114000.0
114001.0
114002.0
114003.0
114004.0
114005.0
114006.0
114007.0
114100.0
114101.0
114102.0
114103.0
114104.0
114105.0
114106.0
114107.0
114200.0
114201.0
114202.0
114203.0
114204.0
114205.0
114206.0
114207.0
114300.0
114301.0
114302.0
114303.0
114304.0
114305.0
114306.0
114307.0
114400.0
114401.0
114402.0
114403.0
114404.0
114405.0
114406.0
114407.0
114500.0
114501.0
114502.0
114503.0
114504.0
114505.0
114506.0
114507.0
114600.0
114601.0
114602.0
114603.0
114604.0
114605.0
114606.0
114607.0
114700.0
114701.0
114702.0
114703.0
114704.0
114705.0
114706.0
114707.0
114800.0
114801.0
114802.0
114803.0
114804.0
114805.0
114806.0
114807.0
114900.0
114901.0
114902.0
114903.0
114904.0
114905.0
114906.0
114907.0
115000.0
115001.0
115002.0
115003.0
115004.0
115005.0
115006.0
115007.0
115100.0
115101.0
115102.0
115103.0
115104.0
115105.0
115106.0
115107.0
115200.0
115201.0
115202.0
115203.0
115204.0
115205.0
115206.0
115207.0
115300.0
115301.0
115302.0
115303.0
115304.0
115305.0
115306.0
115307.0
115400.0
115401.0
115402.0
115403.0
115404.0
115405.0
115406.0
115407.0
115500.0
115501.0
115502.0
115503.0
115504.0
115505.0
115506.0
115507.0
115600.0
115601.0
115602.0
115603.0
115604.0
115605.0
115606.0
115607.0
115700.0
115701.0
115702.0
115703.0
115704.0
115705.0
115706.0
115707.0
115800.0
115801.0
115802.0
115803.0
115804.0
115805.0
115806.0
115807.0
115900.0
115901.0
115902.0
115903.0
115904.0
115905.0
115906.0
115907.0
116000.0
116001.0
116002.0
116003.0
116004.0
116005.0
116006.0
116007.0
116100.0
116101.0
116102.0
116103.0
116104.0
116105.0
116106.0
116107.0
116200.0
116201.0
116202.0
116203.0
116204.0
116205.0
116206.0
116207.0
116300.0
116301.0
116302.0
116303.0
116304.0
116305.0
116306.0
116307.0
116400.0
116401.0
116402.0
116403.0
116404.0
116405.0
116406.0
116407.0
116500.0
116501.0
116502.0
116503.0
116504.0
116505.0
116506.0
116507.0
116600.0
116601.0
116602.0
116603.0
116604.0
116605.0
116606.0
116607.0
116700.0
116701.0
116702.0
116703.0
116704.0
116705.0
116706.0
116707.0
116800.0
116801.0
116802.0
116803.0
116804.0
116805.0
116806.0
116807.0
116900.0
116901.0
116902.0
116903.0
116904.0
116905.0
116906.0
116907.0
117000.0
117001.0
117002.0
117003.0
117004.0
117005.0
117006.0
117007.0
117100.0
117101.0
117102.0
117103.0
117104.0
117105.0
117106.0
117107.0
117200.0
117201.0
117202.0
117203.0
117204.0
117205.0
117206.0
117207.0
117300.0
117301.0
117302.0
117303.0
117304.0
117305.0
117306.0
117307.0
117400.0
117401.0
117402.0
117403.0
117404.0
117405.0
117406.0
117407.0
117500.0
117501.0
117502.0
117503.0
117504.0
117505.0
117506.0
117507.0
117600.0
117601.0
117602.0
117603.0
117604.0
117605.0
117606.0
117607.0
117700.0
117701.0
117702.0
117703.0
117704.0
117705.0
117706.0
117707.0
117800.0
117801.0
117802.0
117803.0
117804.0
117805.0
117806.0
117807.0
117900.0
117901.0
117902.0
117903.0
117904.0
117905.0
117906.0
117907.0
118000.0
118001.0
118002.0
118003.0
118004.0
118005.0
118006.0
118007.0
118100.0
118101.0
118102.0
118103.0
118104.0
118105.0
118106.0
118107.0
118200.0
118201.0
118202.0
118203.0
118204.0
118205.0
118206.0
118207.0
118300.0
118301.0
118302.0
118303.0
118304.0
118305.0
118306.0
118307.0
118400.0
118401.0
118402.0
118403.0
118404.0
118405.0
118406.0
118407.0
118500.0
118501.0
118502.0
118503.0
118504.0
118505.0
118506.0
118507.0
118600.0
118601.0
118602.0
118603.0
118604.0
118605.0
118606.0
118607.0
118700.0
118701.0
118702.0
118703.0
118704.0
118705.0
118706.0
118707.0
118800.0
118801.0
118802.0
118803.0
118804.0
118805.0
118806.0
118807.0
118900.0
118901.0
118902.0
118903.0
118904.0
118905.0
118906.0
118907.0
119000.0
119001.0
119002.0
119003.0
119004.0
119005.0
119006.0
119007.0
119100.0
119101.0
119102.0
119103.0
119104.0
119105.0
119106.0
119107.0
119200.0
119201.0
119202.0
119203.0
119204.0
119205.0
119206.0
119207.0
119300.0
119301.0
119302.0
119303.0
119304.0
119305.0
119306.0
119307.0
119400.0
119401.0
119402.0
119403.0
119404.0
119405.0
119406.0
119407.0
119500.0
119501.0
119502.0
119503.0
119504.0
119505.0
119506.0
119507.0
119600.0
119601.0
119602.0
119603.0
119604.0
119605.0
119606.0
119607.0
119700.0
119701.0
119702.0
119703.0
119704.0
119705.0
119706.0
119707.0
119800.0
119801.0
119802.0
119803.0
119804.0
119805.0
119806.0
119807.0
119900.0
119901.0
119902.0
119903.0
119904.0
119905.0
119906.0
119907.0
120000.0
120001.0
120002.0
120003.0
120004.0
120005.0
120006.0
120007.0
120100.0
120101.0
120102.0
120103.0
120104.0
120105.0
120106.0
120107.0
120200.0
120201.0
120202.0
120203.0
120204.0
120205.0
120206.0
120207.0
120300.0
120301.0
120302.0
120303.0
120304.0
120305.0
120306.0
120307.0
120400.0
120401.0
120402.0
120403.0
120404.0
120405.0
120406.0
120407.0
120500.0
120501.0
120502.0
120503.0
120504.0
120505.0
120506.0
120507.0
120600.0
120601.0
120602.0
120603.0
120604.0
120605.0
120606.0
120607.0
120700.0
120701.0
120702.0
120703.0
120704.0
120705.0
120706.0
120707.0
120800.0
120801.0
120802.0
120803.0
120804.0
120805.0
120806.0
120807.0
120900.0
120901.0
120902.0
120903.0
120904.0
120905.0
120906.0
120907.0
121000.0
121001.0
121002.0
121003.0
121004.0
121005.0
121006.0
121007.0
121100.0
121101.0
121102.0
121103.0
121104.0
121105.0
121106.0
121107.0
121200.0
121201.0
121202.0
121203.0
121204.0
121205.0
121206.0
121207.0
121300.0
121301.0
121302.0
121303.0
121304.0
121305.0
121306.0
121307.0
121400.0
121401.0
121402.0
121403.0
121404.0
121405.0
121406.0
121407.0
121500.0
121501.0
121502.0
121503.0
121504.0
121505.0
121506.0
121507.0
121600.0
121601.0
121602.0
121603.0
121604.0
121605.0
121606.0
121607.0
121700.0
121701.0
121702.0
121703.0
121704.0
121705.0
121706.0
121707.0
121800.0
121801.0
121802.0
121803.0
121804.0
121805.0
121806.0
121807.0
121900.0
121901.0
121902.0
121903.0
121904.0
121905.0
121906.0
121907.0
122000.0
122001.0
122002.0
122003.0
122004.0
122005.0
122006.0
122007.0
122100.0
122101.0
122102.0
122103.0
122104.0
122105.0
122106.0
122107.0
122200.0
122201.0
122202.0
122203.0
122204.0
122205.0
122206.0
122207.0
122300.0
122301.0
122302.0
122303.0
122304.0
122305.0
122306.0
122307.0
122400.0
122401.0
122402.0
122403.0
122404.0
122405.0
122406.0
122407.0
122500.0
122501.0
122502.0
122503.0
122504.0
122505.0
122506.0
122507.0
122600.0
122601.0
122602.0
122603.0
122604.0
122605.0
122606.0
122607.0
122700.0
122701.0
122702.0
122703.0
122704.0
122705.0
122706.0
122707.0
122800.0
122801.0
122802.0
122803.0
122804.0
122805.0
122806.0
122807.0
122900.0
122901.0
122902.0
122903.0
122904.0
122905.0
122906.0
122907.0
123000.0
123001.0
123002.0
123003.0
123004.0
123005.0
123006.0
123007.0
123100.0
123101.0
123102.0
123103.0
123104.0
123105.0
123106.0
123107.0
123200.0
123201.0
123202.0
123203.0
123204.0
123205.0
123206.0
123207.0
123300.0
123301.0
123302.0
123303.0
123304.0
123305.0
123306.0
123307.0
123400.0
123401.0
123402.0
123403.0
123404.0
123405.0
123406.0
123407.0
123500.0
123501.0
123502.0
123503.0
123504.0
123505.0
123506.0
123507.0
123600.0
123601.0
123602.0
123603.0
123604.0
123605.0
123606.0
123607.0
123700.0
123701.0
123702.0
123703.0
123704.0
123705.0
123706.0
123707.0
123800.0
123801.0
123802.0
123803.0
123804.0
123805.0
123806.0
123807.0
123900.0
123901.0
123902.0
123903.0
123904.0
123905.0
123906.0
123907.0
124000.0
124001.0
124002.0
124003.0
124004.0
124005.0
124006.0
124007.0
124100.0
124101.0
124102.0
124103.0
124104.0
124105.0
124106.0
124107.0
124200.0
124201.0
124202.0
124203.0
124204.0
124205.0
124206.0
124207.0
124300.0
124301.0
124302.0
124303.0
124304.0
124305.0
124306.0
124307.0
124400.0
124401.0
124402.0
124403.0
124404.0
124405.0
124406.0
124407.0
124500.0
124501.0
124502.0
124503.0
124504.0
124505.0
124506.0
124507.0
124600.0
124601.0
124602.0
124603.0
124604.0
124605.0
124606.0
124607.0
124700.0
124701.0
124702.0
124703.0
124704.0
124705.0
124706.0
124707.0
124800.0
124801.0
124802.0
124803.0
124804.0
124805.0
124806.0
124807.0
124900.0
124901.0
124902.0
124903.0
124904.0
124905.0
124906.0
124907.0
125000.0
125001.0
125002.0
125003.0
125004.0
125005.0
125006.0
125007.0
125100.0
125101.0
125102.0
125103.0
125104.0
125105.0
125106.0
125107.0
125200.0
125201.0
125202.0
125203.0
125204.0
125205.0
125206.0
125207.0
125300.0
125301.0
125302.0
125303.0
125304.0
125305.0
125306.0
125307.0
125400.0
125401.0
125402.0
125403.0
125404.0
125405.0
125406.0
125407.0
125500.0
125501.0
125502.0
125503.0
125504.0
125505.0
125506.0
125507.0
125600.0
125601.0
125602.0
125603.0
125604.0
125605.0
125606.0
125607.0
125700.0
125701.0
125702.0
125703.0
125704.0
125705.0
125706.0
125707.0
125800.0
125801.0
125802.0
125803.0
125804.0
125805.0
125806.0
125807.0
125900.0
125901.0
125902.0
125903.0
125904.0
125905.0
125906.0
125907.0
126000.0
126001.0
126002.0
126003.0
126004.0
126005.0
126006.0
126007.0
126100.0
126101.0
126102.0
126103.0
126104.0
126105.0
126106.0
126107.0
126200.0
126201.0
126202.0
126203.0
126204.0
126205.0
126206.0
126207.0
126300.0
126301.0
126302.0
126303.0
126304.0
126305.0
126306.0
126307.0
126400.0
126401.0
126402.0
126403.0
126404.0
126405.0
126406.0
126407.0
126500.0
126501.0
126502.0
126503.0
126504.0
126505.0
126506.0
126507.0
126600.0
126601.0
126602.0
126603.0
126604.0
126605.0
126606.0
126607.0
126700.0
126701.0
126702.0
126703.0
126704.0
126705.0
126706.0
126707.0
126800.0
126801.0
126802.0
126803.0
126804.0
126805.0
126806.0
126807.0
126900.0
126901.0
126902.0
126903.0
126904.0
126905.0
126906.0
126907.0
127000.0
127001.0
127002.0
127003.0
127004.0
127005.0
127006.0
127007.0
127100.0
127101.0
127102.0
127103.0
127104.0
127105.0
127106.0
127107.0
127200.0
127201.0
127202.0
127203.0
127204.0
127205.0
127206.0
127207.0
127300.0
127301.0
127302.0
127303.0
127304.0
127305.0
127306.0
127307.0
127400.0
127401.0
127402.0
127403.0
127404.0
127405.0
127406.0
127407.0
127500.0
127501.0
127502.0
127503.0
127504.0
127505.0
127506.0
127507.0
127600.0
127601.0
127602.0
127603.0
127604.0
127605.0
127606.0
127607.0
127700.0
127701.0
127702.0
127703.0
127704.0
127705.0
127706.0
127707.0
127800.0
127801.0
127802.0
127803.0
127804.0
127805.0
127806.0
127807.0
127900.0
127901.0
127902.0
127903.0
127904.0
127905.0
127906.0
127907.0
128000.0
128001.0
128002.0
128003.0
128004.0
128005.0
128006.0
128007.0
128100.0
128101.0
128102.0
128103.0
128104.0
128105.0
128106.0
128107.0
128200.0
128201.0
128202.0
128203.0
128204.0
128205.0
128206.0
128207.0
128300.0
128301.0
128302.0
128303.0
128304.0
128305.0
128306.0
128307.0
128400.0
128401.0
128402.0
128403.0
128404.0
128405.0
128406.0
128407.0
128500.0
128501.0
128502.0
128503.0
128504.0
128505.0
128506.0
128507.0
128600.0
128601.0
128602.0
128603.0
128604.0
128605.0
128606.0
128607.0
128700.0
128701.0
128702.0
128703.0
128704.0
128705.0
128706.0
128707.0
128800.0
128801.0
128802.0
128803.0
128804.0
128805.0
128806.0
128807.0
128900.0
128901.0
128902.0
128903.0
128904.0
128905.0
128906.0
128907.0
129000.0
129001.0
129002.0
129003.0
129004.0
129005.0
129006.0
129007.0
129100.0
129101.0
129102.0
129103.0
129104.0
129105.0
129106.0
129107.0
129200.0
129201.0
129202.0
129203.0
129204.0
129205.0
129206.0
129207.0
129300.0
129301.0
129302.0
129303.0
129304.0
129305.0
129306.0
129307.0
129400.0
129401.0
129402.0
129403.0
129404.0
129405.0
129406.0
129407.0
129500.0
129501.0
129502.0
129503.0
129504.0
129505.0
129506.0
129507.0
129600.0
129601.0
129602.0
129603.0
129604.0
129605.0
129606.0
129607.0
129700.0
129701.0
129702.0
129703.0
129704.0
129705.0
129706.0
129707.0
129800.0
129801.0
129802.0
129803.0
129804.0
129805.0
129806.0
129807.0
129900.0
129901.0
129902.0
129903.0
129904.0
129905.0
129906.0
129907.0
130000.0
130001.0
130002.0
130003.0
130004.0
130005.0
130006.0
130007.0
130100.0
130101.0
130102.0
130103.0
130104.0
130105.0
130106.0
130107.0
130200.0
130201.0
130202.0
130203.0
130204.0
130205.0
130206.0
130207.0
130300.0
130301.0
130302.0
130303.0
130304.0
130305.0
130306.0
130307.0
130400.0
130401.0
130402.0
130403.0
130404.0
130405.0
130406.0
130407.0
130500.0
130501.0
130502.0
130503.0
130504.0
130505.0
130506.0
130507.0
130600.0
130601.0
130602.0
130603.0
130604.0
130605.0
130606.0
130607.0
130700.0
130701.0
130702.0
130703.0
130704.0
130705.0
130706.0
130707.0
130800.0
130801.0
130802.0
130803.0
130804.0
130805.0
130806.0
130807.0
130900.0
130901.0
130902.0
130903.0
130904.0
130905.0
130906.0
130907.0
131000.0
131001.0
131002.0
131003.0
131004.0
131005.0
131006.0
131007.0
131100.0
131101.0
131102.0
131103.0
131104.0
131105.0
131106.0
131107.0
131200.0
131201.0
131202.0
131203.0
131204.0
131205.0
131206.0
131207.0
131300.0
131301.0
131302.0
131303.0
131304.0
131305.0
131306.0
131307.0
131400.0
131401.0
131402.0
131403.0
131404.0
131405.0
131406.0
131407.0
131500.0
131501.0
131502.0
131503.0
131504.0
131505.0
131506.0
131507.0
131600.0
131601.0
131602.0
131603.0
131604.0
131605.0
131606.0
131607.0
131700.0
131701.0
131702.0
131703.0
131704.0
131705.0
131706.0
131707.0
131800.0
131801.0
131802.0
131803.0
131804.0
131805.0
131806.0
131807.0
131900.0
131901.0
131902.0
131903.0
131904.0
131905.0
131906.0
131907.0
132000.0
132001.0
132002.0
132003.0
132004.0
132005.0
132006.0
132007.0
132100.0
132101.0
132102.0
132103.0
132104.0
132105.0
132106.0
132107.0
132200.0
132201.0
132202.0
132203.0
132204.0
132205.0
132206.0
132207.0
132300.0
132301.0
132302.0
132303.0
132304.0
132305.0
132306.0
132307.0
132400.0
132401.0
132402.0
132403.0
132404.0
132405.0
132406.0
132407.0
132500.0
132501.0
132502.0
132503.0
132504.0
132505.0
132506.0
132507.0
132600.0
132601.0
132602.0
132603.0
132604.0
132605.0
132606.0
132607.0
132700.0
132701.0
132702.0
132703.0
132704.0
132705.0
132706.0
132707.0
132800.0
132801.0
132802.0
132803.0
132804.0
132805.0
132806.0
132807.0
132900.0
132901.0
132902.0
132903.0
132904.0
132905.0
132906.0
132907.0
133000.0
133001.0
133002.0
133003.0
133004.0
133005.0
133006.0
133007.0
133100.0
133101.0
133102.0
133103.0
133104.0
133105.0
133106.0
133107.0
133200.0
133201.0
133202.0
133203.0
133204.0
133205.0
133206.0
133207.0
133300.0
133301.0
133302.0
133303.0
133304.0
133305.0
133306.0
133307.0
133400.0
133401.0
133402.0
133403.0
133404.0
133405.0
133406.0
133407.0
133500.0
133501.0
133502.0
133503.0
133504.0
133505.0
133506.0
133507.0
133600.0
133601.0
133602.0
133603.0
133604.0
133605.0
133606.0
133607.0
133700.0
133701.0
133702.0
133703.0
133704.0
133705.0
133706.0
133707.0
133800.0
133801.0
133802.0
133803.0
133804.0
133805.0
133806.0
133807.0
133900.0
133901.0
133902.0
133903.0
133904.0
133905.0
133906.0
133907.0
134000.0
134001.0
134002.0
134003.0
134004.0
134005.0
134006.0
134007.0
134100.0
134101.0
134102.0
134103.0
134104.0
134105.0
134106.0
134107.0
134200.0
134201.0
134202.0
134203.0
134204.0
134205.0
134206.0
134207.0
134300.0
134301.0
134302.0
134303.0
134304.0
134305.0
134306.0
134307.0
134400.0
134401.0
134402.0
134403.0
134404.0
134405.0
134406.0
134407.0
134500.0
134501.0
134502.0
134503.0
134504.0
134505.0
134506.0
134507.0
134600.0
134601.0
134602.0
134603.0
134604.0
134605.0
134606.0
134607.0
134700.0
134701.0
134702.0
134703.0
134704.0
134705.0
134706.0
134707.0
134800.0
134801.0
134802.0
134803.0
134804.0
134805.0
134806.0
134807.0
134900.0
134901.0
134902.0
134903.0
134904.0
134905.0
134906.0
134907.0
135000.0
135001.0
135002.0
135003.0
135004.0
135005.0
135006.0
135007.0
135100.0
135101.0
135102.0
135103.0
135104.0
135105.0
135106.0
135107.0
135200.0
135201.0
135202.0
135203.0
135204.0
135205.0
135206.0
135207.0
135300.0
135301.0
135302.0
135303.0
135304.0
135305.0
135306.0
135307.0
135400.0
135401.0
135402.0
135403.0
135404.0
135405.0
135406.0
135407.0
135500.0
135501.0
135502.0
135503.0
135504.0
135505.0
135506.0
135507.0
135600.0
135601.0
135602.0
135603.0
135604.0
135605.0
135606.0
135607.0
135700.0
135701.0
135702.0
135703.0
135704.0
135705.0
135706.0
135707.0
135800.0
135801.0
135802.0
135803.0
135804.0
135805.0
135806.0
135807.0
135900.0
135901.0
135902.0
135903.0
135904.0
135905.0
135906.0
135907.0
136000.0
136001.0
136002.0
136003.0
136004.0
136005.0
136006.0
136007.0
136100.0
136101.0
136102.0
136103.0
136104.0
136105.0
136106.0
136107.0
136200.0
136201.0
136202.0
136203.0
136204.0
136205.0
136206.0
136207.0
136300.0
136301.0
136302.0
136303.0
136304.0
136305.0
136306.0
136307.0
136400.0
136401.0
136402.0
136403.0
136404.0
136405.0
136406.0
136407.0
136500.0
136501.0
136502.0
136503.0
136504.0
136505.0
136506.0
136507.0
136600.0
136601.0
136602.0
136603.0
136604.0
136605.0
136606.0
136607.0
136700.0
136701.0
136702.0
136703.0
136704.0
136705.0
136706.0
136707.0
136800.0
136801.0
136802.0
136803.0
136804.0
136805.0
136806.0
136807.0
136900.0
136901.0
136902.0
136903.0
136904.0
136905.0
136906.0
136907.0
137000.0
137001.0
137002.0
137003.0
137004.0
137005.0
137006.0
137007.0
137100.0
137101.0
137102.0
137103.0
137104.0
137105.0
137106.0
137107.0
137200.0
137201.0
137202.0
137203.0
137204.0
137205.0
137206.0
137207.0
137300.0
137301.0
137302.0
137303.0
137304.0
137305.0
137306.0
137307.0
137400.0
137401.0
137402.0
137403.0
137404.0
137405.0
137406.0
137407.0
137500.0
137501.0
137502.0
137503.0
137504.0
137505.0
137506.0
137507.0
137600.0
137601.0
137602.0
137603.0
137604.0
137605.0
137606.0
137607.0
137700.0
137701.0
137702.0
137703.0
137704.0
137705.0
137706.0
137707.0
137800.0
137801.0
137802.0
137803.0
137804.0
137805.0
137806.0
137807.0
137900.0
137901.0
137902.0
137903.0
137904.0
137905.0
137906.0
137907.0
138000.0
138001.0
138002.0
138003.0
138004.0
138005.0
138006.0
138007.0
138100.0
138101.0
138102.0
138103.0
138104.0
138105.0
138106.0
138107.0
138200.0
138201.0
138202.0
138203.0
138204.0
138205.0
138206.0
138207.0
138300.0
138301.0
138302.0
138303.0
138304.0
138305.0
138306.0
138307.0
138400.0
138401.0
138402.0
138403.0
138404.0
138405.0
138406.0
138407.0
138500.0
138501.0
138502.0
138503.0
138504.0
138505.0
138506.0
138507.0
138600.0
138601.0
138602.0
138603.0
138604.0
138605.0
138606.0
138607.0
138700.0
138701.0
138702.0
138703.0
138704.0
138705.0
138706.0
138707.0
138800.0
138801.0
138802.0
138803.0
138804.0
138805.0
138806.0
138807.0
138900.0
138901.0
138902.0
138903.0
138904.0
138905.0
138906.0
138907.0
139000.0
139001.0
139002.0
139003.0
139004.0
139005.0
139006.0
139007.0
139100.0
139101.0
139102.0
139103.0
139104.0
139105.0
139106.0
139107.0
139200.0
139201.0
139202.0
139203.0
139204.0
139205.0
139206.0
139207.0
139300.0
139301.0
139302.0
139303.0
139304.0
139305.0
139306.0
139307.0
139400.0
139401.0
139402.0
139403.0
139404.0
139405.0
139406.0
139407.0
139500.0
139501.0
139502.0
139503.0
139504.0
139505.0
139506.0
139507.0
139600.0
139601.0
139602.0
139603.0
139604.0
139605.0
139606.0
139607.0
139700.0
139701.0
139702.0
139703.0
139704.0
139705.0
139706.0
139707.0
139800.0
139801.0
139802.0
139803.0
139804.0
139805.0
139806.0
139807.0
139900.0
139901.0
139902.0
139903.0
139904.0
139905.0
139906.0
139907.0
140000.0
140001.0
140002.0
140003.0
140004.0
140005.0
140006.0
140007.0
140100.0
140101.0
140102.0
140103.0
140104.0
140105.0
140106.0
140107.0
140200.0
140201.0
140202.0
140203.0
140204.0
140205.0
140206.0
140207.0
140300.0
140301.0
140302.0
140303.0
140304.0
140305.0
140306.0
140307.0
140400.0
140401.0
140402.0
140403.0
140404.0
140405.0
140406.0
140407.0
140500.0
140501.0
140502.0
140503.0
140504.0
140505.0
140506.0
140507.0
140600.0
140601.0
140602.0
140603.0
140604.0
140605.0
140606.0
140607.0
140700.0
140701.0
140702.0
140703.0
140704.0
140705.0
140706.0
140707.0
140800.0
140801.0
140802.0
140803.0
140804.0
140805.0
140806.0
140807.0
140900.0
140901.0
140902.0
140903.0
140904.0
140905.0
140906.0
140907.0
141000.0
141001.0
141002.0
141003.0
141004.0
141005.0
141006.0
141007.0
141100.0
141101.0
141102.0
141103.0
141104.0
141105.0
141106.0
141107.0
141200.0
141201.0
141202.0
141203.0
141204.0
141205.0
141206.0
141207.0
141300.0
141301.0
141302.0
141303.0
141304.0
141305.0
141306.0
141307.0
141400.0
141401.0
141402.0
141403.0
141404.0
141405.0
141406.0
141407.0
141500.0
141501.0
141502.0
141503.0
141504.0
141505.0
141506.0
141507.0
141600.0
141601.0
141602.0
141603.0
141604.0
141605.0
141606.0
141607.0
141700.0
141701.0
141702.0
141703.0
141704.0
141705.0
141706.0
141707.0
141800.0
141801.0
141802.0
141803.0
141804.0
141805.0
141806.0
141807.0
141900.0
141901.0
141902.0
141903.0
141904.0
141905.0
141906.0
141907.0
142000.0
142001.0
142002.0
142003.0
142004.0
142005.0
142006.0
142007.0
142100.0
142101.0
142102.0
142103.0
142104.0
142105.0
142106.0
142107.0
142200.0
142201.0
142202.0
142203.0
142204.0
142205.0
142206.0
142207.0
142300.0
142301.0
142302.0
142303.0
142304.0
142305.0
142306.0
142307.0
142400.0
142401.0
142402.0
142403.0
142404.0
142405.0
142406.0
142407.0
142500.0
142501.0
142502.0
142503.0
142504.0
142505.0
142506.0
142507.0
142600.0
142601.0
142602.0
142603.0
142604.0
142605.0
142606.0
142607.0
142700.0
142701.0
142702.0
142703.0
142704.0
142705.0
142706.0
142707.0
142800.0
142801.0
142802.0
142803.0
142804.0
142805.0
142806.0
142807.0
142900.0
142901.0
142902.0
142903.0
142904.0
142905.0
142906.0
142907.0
143000.0
143001.0
143002.0
143003.0
143004.0
143005.0
143006.0
143007.0
143100.0
143101.0
143102.0
143103.0
143104.0
143105.0
143106.0
143107.0
143200.0
143201.0
143202.0
143203.0
143204.0
143205.0
143206.0
143207.0
143300.0
143301.0
143302.0
143303.0
143304.0
143305.0
143306.0
143307.0
143400.0
143401.0
143402.0
143403.0
143404.0
143405.0
143406.0
143407.0
143500.0
143501.0
143502.0
143503.0
143504.0
143505.0
143506.0
143507.0
143600.0
143601.0
143602.0
143603.0
143604.0
143605.0
143606.0
143607.0
143700.0
143701.0
143702.0
143703.0
143704.0
143705.0
143706.0
143707.0
143800.0
143801.0
143802.0
143803.0
143804.0
143805.0
143806.0
143807.0
143900.0
143901.0
143902.0
143903.0
143904.0
143905.0
143906.0
143907.0
144000.0
144001.0
144002.0
144003.0
144004.0
144005.0
144006.0
144007.0
144100.0
144101.0
144102.0
144103.0
144104.0
144105.0
144106.0
144107.0
144200.0
144201.0
144202.0
144203.0
144204.0
144205.0
144206.0
144207.0
144300.0
144301.0
144302.0
144303.0
144304.0
144305.0
144306.0
144307.0
144400.0
144401.0
144402.0
144403.0
144404.0
144405.0
144406.0
144407.0
144500.0
144501.0
144502.0
144503.0
144504.0
144505.0
144506.0
144507.0
144600.0
144601.0
144602.0
144603.0
144604.0
144605.0
144606.0
144607.0
144700.0
144701.0
144702.0
144703.0
144704.0
144705.0
144706.0
144707.0
144800.0
144801.0
144802.0
144803.0
144804.0
144805.0
144806.0
144807.0
144900.0
144901.0
144902.0
144903.0
144904.0
144905.0
144906.0
144907.0
145000.0
145001.0
145002.0
145003.0
145004.0
145005.0
145006.0
145007.0
145100.0
145101.0
145102.0
145103.0
145104.0
145105.0
145106.0
145107.0
145200.0
145201.0
145202.0
145203.0
145204.0
145205.0
145206.0
145207.0
145300.0
145301.0
145302.0
145303.0
145304.0
145305.0
145306.0
145307.0
145400.0
145401.0
145402.0
145403.0
145404.0
145405.0
145406.0
145407.0
145500.0
145501.0
145502.0
145503.0
145504.0
145505.0
145506.0
145507.0
145600.0
145601.0
145602.0
145603.0
145604.0
145605.0
145606.0
145607.0
145700.0
145701.0
145702.0
145703.0
145704.0
145705.0
145706.0
145707.0
145800.0
145801.0
145802.0
145803.0
145804.0
145805.0
145806.0
145807.0
145900.0
145901.0
145902.0
145903.0
145904.0
145905.0
145906.0
145907.0
146000.0
146001.0
146002.0
146003.0
146004.0
146005.0
146006.0
146007.0
146100.0
146101.0
146102.0
146103.0
146104.0
146105.0
146106.0
146107.0
146200.0
146201.0
146202.0
146203.0
146204.0
146205.0
146206.0
146207.0
146300.0
146301.0
146302.0
146303.0
146304.0
146305.0
146306.0
146307.0
146400.0
146401.0
146402.0
146403.0
146404.0
146405.0
146406.0
146407.0
146500.0
146501.0
146502.0
146503.0
146504.0
146505.0
146506.0
146507.0
146600.0
146601.0
146602.0
146603.0
146604.0
146605.0
146606.0
146607.0
146700.0
146701.0
146702.0
146703.0
146704.0
146705.0
146706.0
146707.0
146800.0
146801.0
146802.0
146803.0
146804.0
146805.0
146806.0
146807.0
146900.0
146901.0
146902.0
146903.0
146904.0
146905.0
146906.0
146907.0
147000.0
147001.0
147002.0
147003.0
147004.0
147005.0
147006.0
147007.0
147100.0
147101.0
147102.0
147103.0
147104.0
147105.0
147106.0
147107.0
147200.0
147201.0
147202.0
147203.0
147204.0
147205.0
147206.0
147207.0
147300.0
147301.0
147302.0
147303.0
147304.0
147305.0
147306.0
147307.0
147400.0
147401.0
147402.0
147403.0
147404.0
147405.0
147406.0
147407.0
147500.0
147501.0
147502.0
147503.0
147504.0
147505.0
147506.0
147507.0
147600.0
147601.0
147602.0
147603.0
147604.0
147605.0
147606.0
147607.0
147700.0
147701.0
147702.0
147703.0
147704.0
147705.0
147706.0
147707.0
147800.0
147801.0
147802.0
147803.0
147804.0
147805.0
147806.0
147807.0
147900.0
147901.0
147902.0
147903.0
147904.0
147905.0
147906.0
147907.0
148000.0
148001.0
148002.0
148003.0
148004.0
148005.0
148006.0
148007.0
148100.0
148101.0
148102.0
148103.0
148104.0
148105.0
148106.0
148107.0
148200.0
148201.0
148202.0
148203.0
148204.0
148205.0
148206.0
148207.0
148300.0
148301.0
148302.0
148303.0
148304.0
148305.0
148306.0
148307.0
148400.0
148401.0
148402.0
148403.0
148404.0
148405.0
148406.0
148407.0
148500.0
148501.0
148502.0
148503.0
148504.0
148505.0
148506.0
148507.0
148600.0
148601.0
148602.0
148603.0
148604.0
148605.0
148606.0
148607.0
148700.0
148701.0
148702.0
148703.0
148704.0
148705.0
148706.0
148707.0
148800.0
148801.0
148802.0
148803.0
148804.0
148805.0
148806.0
148807.0
148900.0
148901.0
148902.0
148903.0
148904.0
148905.0
148906.0
148907.0
149000.0
149001.0
149002.0
149003.0
149004.0
149005.0
149006.0
149007.0
149100.0
149101.0
149102.0
149103.0
149104.0
149105.0
149106.0
149107.0
149200.0
149201.0
149202.0
149203.0
149204.0
149205.0
149206.0
149207.0
149300.0
149301.0
149302.0
149303.0
149304.0
149305.0
149306.0
149307.0
149400.0
149401.0
149402.0
149403.0
149404.0
149405.0
149406.0
149407.0
149500.0
149501.0
149502.0
149503.0
149504.0
149505.0
149506.0
149507.0
149600.0
149601.0
149602.0
149603.0
149604.0
149605.0
149606.0
149607.0
149700.0
149701.0
149702.0
149703.0
149704.0
149705.0
149706.0
149707.0
149800.0
149801.0
149802.0
149803.0
149804.0
149805.0
149806.0
149807.0
149900.0
149901.0
149902.0
149903.0
149904.0
149905.0
149906.0
149907.0
150000.0
150001.0
150002.0
150003.0
150004.0
150005.0
150006.0
150007.0
150100.0
150101.0
150102.0
150103.0
150104.0
150105.0
150106.0
150107.0
150200.0
150201.0
150202.0
150203.0
150204.0
150205.0
150206.0
150207.0
150300.0
150301.0
150302.0
150303.0
150304.0
150305.0
150306.0
150307.0
150400.0
150401.0
150402.0
150403.0
150404.0
150405.0
150406.0
150407.0
150500.0
150501.0
150502.0
150503.0
150504.0
150505.0
150506.0
150507.0
150600.0
150601.0
150602.0
150603.0
150604.0
150605.0
150606.0
150607.0
150700.0
150701.0
150702.0
150703.0
150704.0
150705.0
150706.0
150707.0
150800.0
150801.0
150802.0
150803.0
150804.0
150805.0
150806.0
150807.0
150900.0
150901.0
150902.0
150903.0
150904.0
150905.0
150906.0
150907.0
151000.0
151001.0
151002.0
151003.0
151004.0
151005.0
151006.0
151007.0
151100.0
151101.0
151102.0
151103.0
151104.0
151105.0
151106.0
151107.0
151200.0
151201.0
151202.0
151203.0
151204.0
151205.0
151206.0
151207.0
151300.0
151301.0
151302.0
151303.0
151304.0
151305.0
151306.0
151307.0
151400.0
151401.0
151402.0
151403.0
151404.0
151405.0
151406.0
151407.0
151500.0
151501.0
151502.0
151503.0
151504.0
151505.0
151506.0
151507.0
151600.0
151601.0
151602.0
151603.0
151604.0
151605.0
151606.0
151607.0
151700.0
151701.0
151702.0
151703.0
151704.0
151705.0
151706.0
151707.0
151800.0
151801.0
151802.0
151803.0
151804.0
151805.0
151806.0
151807.0
