0.0
1.0
2.0
3.0
4.0
5.0
6.0
7.0
100.0
101.0
102.0
103.0
104.0
105.0
106.0
107.0
200.0
201.0
202.0
203.0
204.0
205.0
206.0
207.0
300.0
301.0
302.0
303.0
304.0
305.0
306.0
307.0
400.0
401.0
402.0
403.0
404.0
405.0
406.0
407.0
500.0
501.0
502.0
503.0
504.0
505.0
506.0
507.0
600.0
601.0
602.0
603.0
604.0
605.0
606.0
607.0
700.0
701.0
702.0
703.0
704.0
705.0
706.0
707.0
800.0
801.0
802.0
803.0
804.0
805.0
806.0
807.0
900.0
901.0
902.0
903.0
904.0
905.0
906.0
907.0
1000.0
1001.0
1002.0
1003.0
1004.0
1005.0
1006.0
1007.0
1100.0
1101.0
1102.0
1103.0
1104.0
1105.0
1106.0
1107.0
1200.0
1201.0
1202.0
1203.0
1204.0
1205.0
1206.0
1207.0
1300.0
1301.0
1302.0
1303.0
1304.0
1305.0
1306.0
1307.0
1400.0
1401.0
1402.0
1403.0
1404.0
1405.0
1406.0
1407.0
1500.0
1501.0
1502.0
1503.0
1504.0
1505.0
1506.0
1507.0
1600.0
1601.0
1602.0
1603.0
1604.0
1605.0
1606.0
1607.0
1700.0
1701.0
1702.0
1703.0
1704.0
1705.0
1706.0
1707.0
1800.0
1801.0
1802.0
1803.0
1804.0
1805.0
1806.0
1807.0
1900.0
1901.0
1902.0
1903.0
1904.0
1905.0
1906.0
1907.0
2000.0
2001.0
2002.0
2003.0
2004.0
2005.0
2006.0
2007.0
2100.0
2101.0
2102.0
2103.0
2104.0
2105.0
2106.0
2107.0
2200.0
2201.0
2202.0
2203.0
2204.0
2205.0
2206.0
2207.0
2300.0
2301.0
2302.0
2303.0
2304.0
2305.0
2306.0
2307.0
2400.0
2401.0
2402.0
2403.0
2404.0
2405.0
2406.0
2407.0
2500.0
2501.0
2502.0
2503.0
2504.0
2505.0
2506.0
2507.0
2600.0
2601.0
2602.0
2603.0
2604.0
2605.0
2606.0
2607.0
2700.0
2701.0
2702.0
2703.0
2704.0
2705.0
2706.0
2707.0
2800.0
2801.0
2802.0
2803.0
2804.0
2805.0
2806.0
2807.0
2900.0
2901.0
2902.0
2903.0
2904.0
2905.0
2906.0
2907.0
3000.0
3001.0
3002.0
3003.0
3004.0
3005.0
3006.0
3007.0
3100.0
3101.0
3102.0
3103.0
3104.0
3105.0
3106.0
3107.0
3200.0
3201.0
3202.0
3203.0
3204.0
3205.0
3206.0
3207.0
3300.0
3301.0
3302.0
3303.0
3304.0
3305.0
3306.0
3307.0
3400.0
3401.0
3402.0
3403.0
3404.0
3405.0
3406.0
3407.0
3500.0
3501.0
3502.0
3503.0
3504.0
3505.0
3506.0
3507.0
3600.0
3601.0
3602.0
3603.0
3604.0
3605.0
3606.0
3607.0
3700.0
3701.0
3702.0
3703.0
3704.0
3705.0
3706.0
3707.0
3800.0
3801.0
3802.0
3803.0
3804.0
3805.0
3806.0
3807.0
3900.0
3901.0
3902.0
3903.0
3904.0
3905.0
3906.0
3907.0
4000.0
4001.0
4002.0
4003.0
4004.0
4005.0
4006.0
4007.0
4100.0
4101.0
4102.0
4103.0
4104.0
4105.0
4106.0
4107.0
4200.0
4201.0
4202.0
4203.0
4204.0
4205.0
4206.0
4207.0
4300.0
4301.0
4302.0
4303.0
4304.0
4305.0
4306.0
4307.0
4400.0
4401.0
4402.0
4403.0
4404.0
4405.0
4406.0
4407.0
4500.0
4501.0
4502.0
4503.0
4504.0
4505.0
4506.0
4507.0
4600.0
4601.0
4602.0
4603.0
4604.0
4605.0
4606.0
4607.0
4700.0
4701.0
4702.0
4703.0
4704.0
4705.0
4706.0
4707.0
4800.0
4801.0
4802.0
4803.0
4804.0
4805.0
4806.0
4807.0
4900.0
4901.0
4902.0
4903.0
4904.0
4905.0
4906.0
4907.0
5000.0
5001.0
5002.0
5003.0
5004.0
5005.0
5006.0
5007.0
5100.0
5101.0
5102.0
5103.0
5104.0
5105.0
5106.0
5107.0
5200.0
5201.0
5202.0
5203.0
5204.0
5205.0
5206.0
5207.0
5300.0
5301.0
5302.0
5303.0
5304.0
5305.0
5306.0
5307.0
5400.0
5401.0
5402.0
5403.0
5404.0
5405.0
5406.0
5407.0
5500.0
5501.0
5502.0
5503.0
5504.0
5505.0
5506.0
5507.0
5600.0
5601.0
5602.0
5603.0
5604.0
5605.0
5606.0
5607.0
5700.0
5701.0
5702.0
5703.0
5704.0
5705.0
5706.0
5707.0
5800.0
5801.0
5802.0
5803.0
5804.0
5805.0
5806.0
5807.0
5900.0
5901.0
5902.0
5903.0
5904.0
5905.0
5906.0
5907.0
6000.0
6001.0
6002.0
6003.0
6004.0
6005.0
6006.0
6007.0
6100.0
6101.0
6102.0
6103.0
6104.0
6105.0
6106.0
6107.0
6200.0
6201.0
6202.0
6203.0
6204.0
6205.0
6206.0
6207.0
6300.0
6301.0
6302.0
6303.0
6304.0
6305.0
6306.0
6307.0
6400.0
6401.0
6402.0
6403.0
6404.0
6405.0
6406.0
6407.0
6500.0
6501.0
6502.0
6503.0
6504.0
6505.0
6506.0
6507.0
6600.0
6601.0
6602.0
6603.0
6604.0
6605.0
6606.0
6607.0
6700.0
6701.0
6702.0
6703.0
6704.0
6705.0
6706.0
6707.0
6800.0
6801.0
6802.0
6803.0
6804.0
6805.0
6806.0
6807.0
6900.0
6901.0
6902.0
6903.0
6904.0
6905.0
6906.0
6907.0
7000.0
7001.0
7002.0
7003.0
7004.0
7005.0
7006.0
7007.0
7100.0
7101.0
7102.0
7103.0
7104.0
7105.0
7106.0
7107.0
7200.0
7201.0
7202.0
7203.0
7204.0
7205.0
7206.0
7207.0
7300.0
7301.0
7302.0
7303.0
7304.0
7305.0
7306.0
7307.0
7400.0
7401.0
7402.0
7403.0
7404.0
7405.0
7406.0
7407.0
7500.0
7501.0
7502.0
7503.0
7504.0
7505.0
7506.0
7507.0
7600.0
7601.0
7602.0
7603.0
7604.0
7605.0
7606.0
7607.0
7700.0
7701.0
7702.0
7703.0
7704.0
7705.0
7706.0
7707.0
7800.0
7801.0
7802.0
7803.0
7804.0
7805.0
7806.0
7807.0
7900.0
7901.0
7902.0
7903.0
7904.0
7905.0
7906.0
7907.0
8000.0
8001.0
8002.0
8003.0
8004.0
8005.0
8006.0
8007.0
8100.0
8101.0
8102.0
8103.0
8104.0
8105.0
8106.0
8107.0
8200.0
8201.0
8202.0
8203.0
8204.0
8205.0
8206.0
8207.0
8300.0
8301.0
8302.0
8303.0
8304.0
8305.0
8306.0
8307.0
8400.0
8401.0
8402.0
8403.0
8404.0
8405.0
8406.0
8407.0
8500.0
8501.0
8502.0
8503.0
8504.0
8505.0
8506.0
8507.0
8600.0
8601.0
8602.0
8603.0
8604.0
8605.0
8606.0
8607.0
8700.0
8701.0
8702.0
8703.0
8704.0
8705.0
8706.0
8707.0
8800.0
8801.0
8802.0
8803.0
8804.0
8805.0
8806.0
8807.0
8900.0
8901.0
8902.0
8903.0
8904.0
8905.0
8906.0
8907.0
9000.0
9001.0
9002.0
9003.0
9004.0
9005.0
9006.0
9007.0
9100.0
9101.0
9102.0
9103.0
9104.0
9105.0
9106.0
9107.0
9200.0
9201.0
9202.0
9203.0
9204.0
9205.0
9206.0
9207.0
9300.0
9301.0
9302.0
9303.0
9304.0
9305.0
9306.0
9307.0
9400.0
9401.0
9402.0
9403.0
9404.0
9405.0
9406.0
9407.0
9500.0
9501.0
9502.0
9503.0
9504.0
9505.0
9506.0
9507.0
9600.0
9601.0
9602.0
9603.0
9604.0
9605.0
9606.0
9607.0
9700.0
9701.0
9702.0
9703.0
9704.0
9705.0
9706.0
9707.0
9800.0
9801.0
9802.0
9803.0
9804.0
9805.0
9806.0
9807.0
9900.0
9901.0
9902.0
9903.0
9904.0
9905.0
9906.0
9907.0
10000.0
10001.0
10002.0
10003.0
10004.0
10005.0
10006.0
10007.0
10100.0
10101.0
10102.0
10103.0
10104.0
10105.0
10106.0
10107.0
10200.0
10201.0
10202.0
10203.0
10204.0
10205.0
10206.0
10207.0
10300.0
10301.0
10302.0
10303.0
10304.0
10305.0
10306.0
10307.0
10400.0
10401.0
10402.0
10403.0
10404.0
10405.0
10406.0
10407.0
10500.0
10501.0
10502.0
10503.0
10504.0
10505.0
10506.0
10507.0
10600.0
10601.0
10602.0
10603.0
10604.0
10605.0
10606.0
10607.0
10700.0
10701.0
10702.0
10703.0
10704.0
10705.0
10706.0
10707.0
10800.0
10801.0
10802.0
10803.0
10804.0
10805.0
10806.0
10807.0
10900.0
10901.0
10902.0
10903.0
10904.0
10905.0
10906.0
10907.0
11000.0
11001.0
11002.0
11003.0
11004.0
11005.0
11006.0
11007.0
11100.0
11101.0
11102.0
11103.0
11104.0
11105.0
11106.0
11107.0
11200.0
11201.0
11202.0
11203.0
11204.0
11205.0
11206.0
11207.0
11300.0
11301.0
11302.0
11303.0
11304.0
11305.0
11306.0
11307.0
11400.0
11401.0
11402.0
11403.0
11404.0
11405.0
11406.0
11407.0
11500.0
11501.0
11502.0
11503.0
11504.0
11505.0
11506.0
11507.0
11600.0
11601.0
11602.0
11603.0
11604.0
11605.0
11606.0
11607.0
11700.0
11701.0
11702.0
11703.0
11704.0
11705.0
11706.0
11707.0
11800.0
11801.0
11802.0
11803.0
11804.0
11805.0
11806.0
11807.0
11900.0
11901.0
11902.0
11903.0
11904.0
11905.0
11906.0
11907.0
12000.0
12001.0
12002.0
12003.0
12004.0
12005.0
12006.0
12007.0
12100.0
12101.0
12102.0
12103.0
12104.0
12105.0
12106.0
12107.0
12200.0
12201.0
12202.0
12203.0
12204.0
12205.0
12206.0
12207.0
12300.0
12301.0
12302.0
12303.0
12304.0
12305.0
12306.0
12307.0
12400.0
12401.0
12402.0
12403.0
12404.0
12405.0
12406.0
12407.0
12500.0
12501.0
12502.0
12503.0
12504.0
12505.0
12506.0
12507.0
12600.0
12601.0
12602.0
12603.0
12604.0
12605.0
12606.0
12607.0
12700.0
12701.0
12702.0
12703.0
12704.0
12705.0
12706.0
12707.0
12800.0
12801.0
12802.0
12803.0
12804.0
12805.0
12806.0
12807.0
12900.0
12901.0
12902.0
12903.0
12904.0
12905.0
12906.0
12907.0
13000.0
13001.0
13002.0
13003.0
13004.0
13005.0
13006.0
13007.0
13100.0
13101.0
13102.0
13103.0
13104.0
13105.0
13106.0
13107.0
13200.0
13201.0
13202.0
13203.0
13204.0
13205.0
13206.0
13207.0
13300.0
13301.0
13302.0
13303.0
13304.0
13305.0
13306.0
13307.0
13400.0
13401.0
13402.0
13403.0
13404.0
13405.0
13406.0
13407.0
13500.0
13501.0
13502.0
13503.0
13504.0
13505.0
13506.0
13507.0
13600.0
13601.0
13602.0
13603.0
13604.0
13605.0
13606.0
13607.0
13700.0
13701.0
13702.0
13703.0
13704.0
13705.0
13706.0
13707.0
13800.0
13801.0
13802.0
13803.0
13804.0
13805.0
13806.0
13807.0
13900.0
13901.0
13902.0
13903.0
13904.0
13905.0
13906.0
13907.0
14000.0
14001.0
14002.0
14003.0
14004.0
14005.0
14006.0
14007.0
14100.0
14101.0
14102.0
14103.0
14104.0
14105.0
14106.0
14107.0
14200.0
14201.0
14202.0
14203.0
14204.0
14205.0
14206.0
14207.0
14300.0
14301.0
14302.0
14303.0
14304.0
14305.0
14306.0
14307.0
14400.0
14401.0
14402.0
14403.0
14404.0
14405.0
14406.0
14407.0
14500.0
14501.0
14502.0
14503.0
14504.0
14505.0
14506.0
14507.0
14600.0
14601.0
14602.0
14603.0
14604.0
14605.0
14606.0
14607.0
14700.0
14701.0
14702.0
14703.0
14704.0
14705.0
14706.0
14707.0
14800.0
14801.0
14802.0
14803.0
14804.0
14805.0
14806.0
14807.0
14900.0
14901.0
14902.0
14903.0
14904.0
14905.0
14906.0
14907.0
15000.0
15001.0
15002.0
15003.0
15004.0
15005.0
15006.0
15007.0
15100.0
15101.0
15102.0
15103.0
15104.0
15105.0
15106.0
15107.0
15200.0
15201.0
15202.0
15203.0
15204.0
15205.0
15206.0
15207.0
15300.0
15301.0
15302.0
15303.0
15304.0
15305.0
15306.0
15307.0
15400.0
15401.0
15402.0
15403.0
15404.0
15405.0
15406.0
15407.0
15500.0
15501.0
15502.0
15503.0
15504.0
15505.0
15506.0
15507.0
15600.0
15601.0
15602.0
15603.0
15604.0
15605.0
15606.0
15607.0
15700.0
15701.0
15702.0
15703.0
15704.0
15705.0
15706.0
15707.0
15800.0
15801.0
15802.0
15803.0
15804.0
15805.0
15806.0
15807.0
15900.0
15901.0
15902.0
15903.0
15904.0
15905.0
15906.0
15907.0
16000.0
16001.0
16002.0
16003.0
16004.0
16005.0
16006.0
16007.0
16100.0
16101.0
16102.0
16103.0
16104.0
16105.0
16106.0
16107.0
16200.0
16201.0
16202.0
16203.0
16204.0
16205.0
16206.0
16207.0
16300.0
16301.0
16302.0
16303.0
16304.0
16305.0
16306.0
16307.0
16400.0
16401.0
16402.0
16403.0
16404.0
16405.0
16406.0
16407.0
16500.0
16501.0
16502.0
16503.0
16504.0
16505.0
16506.0
16507.0
16600.0
16601.0
16602.0
16603.0
16604.0
16605.0
16606.0
16607.0
16700.0
16701.0
16702.0
16703.0
16704.0
16705.0
16706.0
16707.0
16800.0
16801.0
16802.0
16803.0
16804.0
16805.0
16806.0
16807.0
16900.0
16901.0
16902.0
16903.0
16904.0
16905.0
16906.0
16907.0
17000.0
17001.0
17002.0
17003.0
17004.0
17005.0
17006.0
17007.0
17100.0
17101.0
17102.0
17103.0
17104.0
17105.0
17106.0
17107.0
17200.0
17201.0
17202.0
17203.0
17204.0
17205.0
17206.0
17207.0
17300.0
17301.0
17302.0
17303.0
17304.0
17305.0
17306.0
17307.0
17400.0
17401.0
17402.0
17403.0
17404.0
17405.0
17406.0
17407.0
17500.0
17501.0
17502.0
17503.0
17504.0
17505.0
17506.0
17507.0
17600.0
17601.0
17602.0
17603.0
17604.0
17605.0
17606.0
17607.0
17700.0
17701.0
17702.0
17703.0
17704.0
17705.0
17706.0
17707.0
17800.0
17801.0
17802.0
17803.0
17804.0
17805.0
17806.0
17807.0
17900.0
17901.0
17902.0
17903.0
17904.0
17905.0
17906.0
17907.0
18000.0
18001.0
18002.0
18003.0
18004.0
18005.0
18006.0
18007.0
18100.0
18101.0
18102.0
18103.0
18104.0
18105.0
18106.0
18107.0
18200.0
18201.0
18202.0
18203.0
18204.0
18205.0
18206.0
18207.0
18300.0
18301.0
18302.0
18303.0
18304.0
18305.0
18306.0
18307.0
18400.0
18401.0
18402.0
18403.0
18404.0
18405.0
18406.0
18407.0
18500.0
18501.0
18502.0
18503.0
18504.0
18505.0
18506.0
18507.0
18600.0
18601.0
18602.0
18603.0
18604.0
18605.0
18606.0
18607.0
18700.0
18701.0
18702.0
18703.0
18704.0
18705.0
18706.0
18707.0
18800.0
18801.0
18802.0
18803.0
18804.0
18805.0
18806.0
18807.0
18900.0
18901.0
18902.0
18903.0
18904.0
18905.0
18906.0
18907.0
19000.0
19001.0
19002.0
19003.0
19004.0
19005.0
19006.0
19007.0
19100.0
19101.0
19102.0
19103.0
19104.0
19105.0
19106.0
19107.0
19200.0
19201.0
19202.0
19203.0
19204.0
19205.0
19206.0
19207.0
19300.0
19301.0
19302.0
19303.0
19304.0
19305.0
19306.0
19307.0
19400.0
19401.0
19402.0
19403.0
19404.0
19405.0
19406.0
19407.0
19500.0
19501.0
19502.0
19503.0
19504.0
19505.0
19506.0
19507.0
19600.0
19601.0
19602.0
19603.0
19604.0
19605.0
19606.0
19607.0
19700.0
19701.0
19702.0
19703.0
19704.0
19705.0
19706.0
19707.0
19800.0
19801.0
19802.0
19803.0
19804.0
19805.0
19806.0
19807.0
19900.0
19901.0
19902.0
19903.0
19904.0
19905.0
19906.0
19907.0
20000.0
20001.0
20002.0
20003.0
20004.0
20005.0
20006.0
20007.0
20100.0
20101.0
20102.0
20103.0
20104.0
20105.0
20106.0
20107.0
20200.0
20201.0
20202.0
20203.0
20204.0
20205.0
20206.0
20207.0
20300.0
20301.0
20302.0
20303.0
20304.0
20305.0
20306.0
20307.0
20400.0
20401.0
20402.0
20403.0
20404.0
20405.0
20406.0
20407.0
20500.0
20501.0
20502.0
20503.0
20504.0
20505.0
20506.0
20507.0
20600.0
20601.0
20602.0
20603.0
20604.0
20605.0
20606.0
20607.0
20700.0
20701.0
20702.0
20703.0
20704.0
20705.0
20706.0
20707.0
20800.0
20801.0
20802.0
20803.0
20804.0
20805.0
20806.0
20807.0
20900.0
20901.0
20902.0
20903.0
20904.0
20905.0
20906.0
20907.0
21000.0
21001.0
21002.0
21003.0
21004.0
21005.0
21006.0
21007.0
21100.0
21101.0
21102.0
21103.0
21104.0
21105.0
21106.0
21107.0
21200.0
21201.0
21202.0
21203.0
21204.0
21205.0
21206.0
21207.0
21300.0
21301.0
21302.0
21303.0
21304.0
21305.0
21306.0
21307.0
21400.0
21401.0
21402.0
21403.0
21404.0
21405.0
21406.0
21407.0
21500.0
21501.0
21502.0
21503.0
21504.0
21505.0
21506.0
21507.0
21600.0
21601.0
21602.0
21603.0
21604.0
21605.0
21606.0
21607.0
21700.0
21701.0
21702.0
21703.0
21704.0
21705.0
21706.0
21707.0
21800.0
21801.0
21802.0
21803.0
21804.0
21805.0
21806.0
21807.0
21900.0
21901.0
21902.0
21903.0
21904.0
21905.0
21906.0
21907.0
22000.0
22001.0
22002.0
22003.0
22004.0
22005.0
22006.0
22007.0
22100.0
22101.0
22102.0
22103.0
22104.0
22105.0
22106.0
22107.0
22200.0
22201.0
22202.0
22203.0
22204.0
22205.0
22206.0
22207.0
22300.0
22301.0
22302.0
22303.0
22304.0
22305.0
22306.0
22307.0
22400.0
22401.0
22402.0
22403.0
22404.0
22405.0
22406.0
22407.0
22500.0
22501.0
22502.0
22503.0
22504.0
22505.0
22506.0
22507.0
22600.0
22601.0
22602.0
22603.0
22604.0
22605.0
22606.0
22607.0
22700.0
22701.0
22702.0
22703.0
22704.0
22705.0
22706.0
22707.0
22800.0
22801.0
22802.0
22803.0
22804.0
22805.0
22806.0
22807.0
22900.0
22901.0
22902.0
22903.0
22904.0
22905.0
22906.0
22907.0
23000.0
23001.0
23002.0
23003.0
23004.0
23005.0
23006.0
23007.0
23100.0
23101.0
23102.0
23103.0
23104.0
23105.0
23106.0
23107.0
23200.0
23201.0
23202.0
23203.0
23204.0
23205.0
23206.0
23207.0
23300.0
23301.0
23302.0
23303.0
23304.0
23305.0
23306.0
23307.0
23400.0
23401.0
23402.0
23403.0
23404.0
23405.0
23406.0
23407.0
23500.0
23501.0
23502.0
23503.0
23504.0
23505.0
23506.0
23507.0
23600.0
23601.0
23602.0
23603.0
23604.0
23605.0
23606.0
23607.0
23700.0
23701.0
23702.0
23703.0
23704.0
23705.0
23706.0
23707.0
23800.0
23801.0
23802.0
23803.0
100000.0
100001.0
100002.0
100003.0
100004.0
100005.0
100006.0
100007.0
100100.0
100101.0
100102.0
100103.0
100104.0
100105.0
100106.0
100107.0
100200.0
100201.0
100202.0
100203.0
100204.0
100205.0
100206.0
100207.0
100300.0
100301.0
100302.0
100303.0
100304.0
100305.0
100306.0
100307.0
100400.0
100401.0
100402.0
100403.0
100404.0
100405.0
100406.0
100407.0
100500.0
100501.0
100502.0
100503.0
100504.0
100505.0
100506.0
100507.0
100600.0
100601.0
100602.0
100603.0
100604.0
100605.0
100606.0
100607.0
100700.0
100701.0
100702.0
100703.0
100704.0
100705.0
100706.0
100707.0
100800.0
100801.0
100802.0
100803.0
100804.0
100805.0
100806.0
100807.0
100900.0
100901.0
100902.0
100903.0
100904.0
100905.0
100906.0
100907.0
101000.0
101001.0
101002.0
101003.0
101004.0
101005.0
101006.0
101007.0
101100.0
101101.0
101102.0
101103.0
101104.0
101105.0
101106.0
101107.0
101200.0
101201.0
101202.0
101203.0
101204.0
101205.0
101206.0
101207.0
101300.0
101301.0
101302.0
101303.0
101304.0
101305.0
101306.0
101307.0
101400.0
101401.0
101402.0
101403.0
101404.0
101405.0
101406.0
101407.0
101500.0
101501.0
101502.0
101503.0
101504.0
101505.0
101506.0
101507.0
101600.0
101601.0
101602.0
101603.0
101604.0
101605.0
101606.0
101607.0
101700.0
101701.0
101702.0
101703.0
101704.0
101705.0
101706.0
101707.0
101800.0
101801.0
101802.0
101803.0
101804.0
101805.0
101806.0
101807.0
101900.0
101901.0
101902.0
101903.0
101904.0
101905.0
101906.0
101907.0
102000.0
102001.0
102002.0
102003.0
102004.0
102005.0
102006.0
102007.0
102100.0
102101.0
102102.0
102103.0
102104.0
102105.0
102106.0
102107.0
102200.0
102201.0
102202.0
102203.0
102204.0
102205.0
102206.0
102207.0
102300.0
102301.0
102302.0
102303.0
102304.0
102305.0
102306.0
102307.0
102400.0
102401.0
102402.0
102403.0
102404.0
102405.0
102406.0
102407.0
102500.0
102501.0
102502.0
102503.0
102504.0
102505.0
102506.0
102507.0
102600.0
102601.0
102602.0
102603.0
102604.0
102605.0
102606.0
102607.0
102700.0
102701.0
102702.0
102703.0
102704.0
102705.0
102706.0
102707.0
102800.0
102801.0
102802.0
102803.0
102804.0
102805.0
102806.0
102807.0
102900.0
102901.0
102902.0
102903.0
102904.0
102905.0
102906.0
102907.0
103000.0
103001.0
103002.0
103003.0
103004.0
103005.0
103006.0
103007.0
103100.0
103101.0
103102.0
103103.0
103104.0
103105.0
103106.0
103107.0
103200.0
103201.0
103202.0
103203.0
103204.0
103205.0
103206.0
103207.0
103300.0
103301.0
103302.0
103303.0
103304.0
103305.0
103306.0
103307.0
103400.0
103401.0
103402.0
103403.0
103404.0
103405.0
103406.0
103407.0
103500.0
103501.0
103502.0
103503.0
103504.0
103505.0
103506.0
103507.0
103600.0
103601.0
103602.0
103603.0
103604.0
103605.0
103606.0
103607.0
103700.0
103701.0
103702.0
103703.0
103704.0
103705.0
103706.0
103707.0
103800.0
103801.0
103802.0
103803.0
103804.0
103805.0
103806.0
103807.0
103900.0
103901.0
103902.0
103903.0
103904.0
103905.0
103906.0
103907.0
104000.0
104001.0
104002.0
104003.0
104004.0
104005.0
104006.0
104007.0
104100.0
104101.0
104102.0
104103.0
104104.0
104105.0
104106.0
104107.0
104200.0
104201.0
104202.0
104203.0
104204.0
104205.0
104206.0
104207.0
104300.0
104301.0
104302.0
104303.0
104304.0
104305.0
104306.0
104307.0
104400.0
104401.0
104402.0
104403.0
104404.0
104405.0
104406.0
104407.0
104500.0
104501.0
104502.0
104503.0
104504.0
104505.0
104506.0
104507.0
104600.0
104601.0
104602.0
104603.0
104604.0
104605.0
104606.0
104607.0
104700.0
104701.0
104702.0
104703.0
104704.0
104705.0
104706.0
104707.0
104800.0
104801.0
104802.0
104803.0
104804.0
104805.0
104806.0
104807.0
104900.0
104901.0
104902.0
104903.0
104904.0
104905.0
104906.0
104907.0
105000.0
105001.0
105002.0
105003.0
105004.0
105005.0
105006.0
105007.0
105100.0
105101.0
105102.0
105103.0
105104.0
105105.0
105106.0
105107.0
105200.0
105201.0
105202.0
105203.0
105204.0
105205.0
105206.0
105207.0
105300.0
105301.0
105302.0
105303.0
105304.0
105305.0
105306.0
105307.0
105400.0
105401.0
105402.0
105403.0
105404.0
105405.0
105406.0
105407.0
105500.0
105501.0
105502.0
105503.0
105504.0
105505.0
105506.0
105507.0
105600.0
105601.0
105602.0
105603.0
105604.0
105605.0
105606.0
105607.0
105700.0
105701.0
105702.0
105703.0
105704.0
105705.0
105706.0
105707.0
105800.0
105801.0
105802.0
105803.0
105804.0
105805.0
105806.0
105807.0
105900.0
105901.0
105902.0
105903.0
105904.0
105905.0
105906.0
105907.0
106000.0
106001.0
106002.0
106003.0
106004.0
106005.0
106006.0
106007.0
106100.0
106101.0
106102.0
106103.0
106104.0
106105.0
106106.0
106107.0
106200.0
106201.0
106202.0
106203.0
106204.0
106205.0
106206.0
106207.0
106300.0
106301.0
106302.0
106303.0
106304.0
106305.0
106306.0
106307.0
106400.0
106401.0
106402.0
106403.0
106404.0
106405.0
106406.0
106407.0
106500.0
106501.0
106502.0
106503.0
106504.0
106505.0
106506.0
106507.0
106600.0
106601.0
106602.0
106603.0
106604.0
106605.0
106606.0
106607.0
106700.0
106701.0
106702.0
106703.0
106704.0
106705.0
106706.0
106707.0
106800.0
106801.0
106802.0
106803.0
106804.0
106805.0
106806.0
106807.0
106900.0
106901.0
106902.0
106903.0
106904.0
106905.0
106906.0
106907.0
107000.0
107001.0
107002.0
107003.0
107004.0
107005.0
107006.0
107007.0
107100.0
107101.0
107102.0
107103.0
107104.0
107105.0
107106.0
107107.0
107200.0
107201.0
107202.0
107203.0
107204.0
107205.0
107206.0
107207.0
107300.0
107301.0
107302.0
107303.0
107304.0
107305.0
107306.0
107307.0
107400.0
107401.0
107402.0
107403.0
107404.0
107405.0
107406.0
107407.0
107500.0
107501.0
107502.0
107503.0
107504.0
107505.0
107506.0
107507.0
107600.0
107601.0
107602.0
107603.0
107604.0
107605.0
107606.0
107607.0
107700.0
107701.0
107702.0
107703.0
107704.0
107705.0
107706.0
107707.0
107800.0
107801.0
107802.0
107803.0
107804.0
107805.0
107806.0
107807.0
107900.0
107901.0
107902.0
107903.0
107904.0
107905.0
107906.0
107907.0
108000.0
108001.0
108002.0
108003.0
108004.0
108005.0
108006.0
108007.0
108100.0
108101.0
108102.0
108103.0
108104.0
108105.0
108106.0
108107.0
108200.0
108201.0
108202.0
108203.0
108204.0
108205.0
108206.0
108207.0
108300.0
108301.0
108302.0
108303.0
108304.0
108305.0
108306.0
108307.0
108400.0
108401.0
108402.0
108403.0
108404.0
108405.0
108406.0
108407.0
108500.0
108501.0
108502.0
108503.0
108504.0
108505.0
108506.0
108507.0
108600.0
108601.0
108602.0
108603.0
108604.0
108605.0
108606.0
108607.0
108700.0
108701.0
108702.0
108703.0
108704.0
108705.0
108706.0
108707.0
108800.0
108801.0
108802.0
108803.0
108804.0
108805.0
108806.0
108807.0
108900.0
108901.0
108902.0
108903.0
108904.0
108905.0
108906.0
108907.0
109000.0
109001.0
109002.0
109003.0
109004.0
109005.0
109006.0
109007.0
109100.0
109101.0
109102.0
109103.0
109104.0
109105.0
109106.0
109107.0
109200.0
109201.0
109202.0
109203.0
109204.0
109205.0
109206.0
109207.0
109300.0
109301.0
109302.0
109303.0
109304.0
109305.0
109306.0
109307.0
109400.0
109401.0
109402.0
109403.0
109404.0
109405.0
109406.0
109407.0
109500.0
109501.0
109502.0
109503.0
109504.0
109505.0
109506.0
109507.0
109600.0
109601.0
109602.0
109603.0
109604.0
109605.0
109606.0
109607.0
109700.0
109701.0
109702.0
109703.0
109704.0
109705.0
109706.0
109707.0
109800.0
109801.0
109802.0
109803.0
109804.0
109805.0
109806.0
109807.0
109900.0
109901.0
109902.0
109903.0
109904.0
109905.0
109906.0
109907.0
110000.0
110001.0
110002.0
110003.0
110004.0
110005.0
110006.0
110007.0
110100.0
110101.0
110102.0
110103.0
110104.0
110105.0
110106.0
110107.0
110200.0
110201.0
110202.0
110203.0
110204.0
110205.0
110206.0
110207.0
110300.0
110301.0
110302.0
110303.0
110304.0
110305.0
110306.0
110307.0
110400.0
110401.0
110402.0
110403.0
110404.0
110405.0
110406.0
110407.0
110500.0
110501.0
110502.0
110503.0
110504.0
110505.0
110506.0
110507.0
110600.0
110601.0
110602.0
110603.0
110604.0
110605.0
110606.0
110607.0
110700.0
110701.0
110702.0
110703.0
110704.0
110705.0
110706.0
110707.0
110800.0
110801.0
110802.0
110803.0
110804.0
110805.0
110806.0
110807.0
110900.0
110901.0
110902.0
110903.0
110904.0
110905.0
110906.0
110907.0
111000.0
111001.0
111002.0
111003.0
111004.0
111005.0
111006.0
111007.0
111100.0
111101.0
111102.0
111103.0
111104.0
111105.0
111106.0
111107.0
111200.0
111201.0
111202.0
111203.0
111204.0
111205.0
111206.0
111207.0
111300.0
111301.0
111302.0
111303.0
111304.0
111305.0
111306.0
111307.0
111400.0
111401.0
111402.0
111403.0
111404.0
111405.0
111406.0
111407.0
111500.0
111501.0
111502.0
111503.0
111504.0
111505.0
111506.0
111507.0
111600.0
111601.0
111602.0
111603.0
111604.0
111605.0
111606.0
111607.0
111700.0
111701.0
111702.0
111703.0
111704.0
111705.0
111706.0
111707.0
111800.0
111801.0
111802.0
111803.0
111804.0
111805.0
111806.0
111807.0
111900.0
111901.0
111902.0
111903.0
111904.0
111905.0
111906.0
111907.0
112000.0
112001.0
112002.0
112003.0
112004.0
112005.0
112006.0
112007.0
112100.0
112101.0
112102.0
112103.0
112104.0
112105.0
112106.0
112107.0
112200.0
112201.0
112202.0
112203.0
112204.0
112205.0
112206.0
112207.0
112300.0
112301.0
112302.0
112303.0
112304.0
112305.0
112306.0
112307.0
112400.0
112401.0
112402.0
112403.0
112404.0
112405.0
112406.0
112407.0
112500.0
112501.0
112502.0
112503.0
112504.0
112505.0
112506.0
112507.0
112600.0
112601.0
112602.0
112603.0
112604.0
112605.0
112606.0
112607.0
112700.0
112701.0
112702.0
112703.0
112704.0
112705.0
112706.0
112707.0
112800.0
112801.0
112802.0
112803.0
112804.0
112805.0
112806.0
112807.0
112900.0
112901.0
112902.0
112903.0
112904.0
112905.0
112906.0
112907.0
113000.0
113001.0
113002.0
113003.0
113004.0
113005.0
113006.0
113007.0
113100.0
113101.0
113102.0
113103.0
113104.0
113105.0
113106.0
113107.0
113200.0
113201.0
113202.0
113203.0
113204.0
113205.0
113206.0
113207.0
113300.0
113301.0
113302.0
113303.0
113304.0
113305.0
113306.0
113307.0
113400.0
113401.0
113402.0
113403.0
113404.0
113405.0
113406.0
113407.0
113500.0
113501.0
113502.0
113503.0
113504.0
113505.0
113506.0
113507.0
113600.0
113601.0
113602.0
113603.0
113604.0
113605.0
113606.0
113607.0
113700.0
113701.0
113702.0
113703.0
113704.0
113705.0
113706.0
113707.0
113800.0
113801.0
113802.0
113803.0
113804.0
113805.0
113806.0
113807.0
113900.0
113901.0
113902.0
113903.0
113904.0
113905.0
113906.0
113907.0
114000.0
114001.0
114002.0
114003.0
114004.0
114005.0
114006.0
114007.0
114100.0
114101.0
114102.0
114103.0
114104.0
114105.0
114106.0
114107.0
114200.0
114201.0
114202.0
114203.0
114204.0
114205.0
114206.0
114207.0
114300.0
114301.0
114302.0
114303.0
114304.0
114305.0
114306.0
114307.0
114400.0
114401.0
114402.0
114403.0
114404.0
114405.0
114406.0
114407.0
114500.0
114501.0
114502.0
114503.0
114504.0
114505.0
114506.0
114507.0
114600.0
114601.0
114602.0
114603.0
114604.0
114605.0
114606.0
114607.0
114700.0
114701.0
114702.0
114703.0
114704.0
114705.0
114706.0
114707.0
114800.0
114801.0
114802.0
114803.0
114804.0
114805.0
114806.0
114807.0
114900.0
114901.0
114902.0
114903.0
114904.0
114905.0
114906.0
114907.0
115000.0
115001.0
115002.0
115003.0
115004.0
115005.0
115006.0
115007.0
115100.0
115101.0
115102.0
115103.0
115104.0
115105.0
115106.0
115107.0
115200.0
115201.0
115202.0
115203.0
115204.0
115205.0
115206.0
115207.0
115300.0
115301.0
115302.0
115303.0
115304.0
115305.0
115306.0
115307.0
115400.0
115401.0
115402.0
115403.0
115404.0
115405.0
115406.0
115407.0
115500.0
115501.0
115502.0
115503.0
115504.0
115505.0
115506.0
115507.0
115600.0
115601.0
115602.0
115603.0
115604.0
115605.0
115606.0
115607.0
115700.0
115701.0
115702.0
115703.0
115704.0
115705.0
115706.0
115707.0
115800.0
115801.0
115802.0
115803.0
115804.0
115805.0
115806.0
115807.0
115900.0
115901.0
115902.0
115903.0
115904.0
115905.0
115906.0
115907.0
116000.0
116001.0
116002.0
116003.0
116004.0
116005.0
116006.0
116007.0
116100.0
116101.0
116102.0
116103.0
116104.0
116105.0
116106.0
116107.0
116200.0
116201.0
116202.0
116203.0
116204.0
116205.0
116206.0
116207.0
116300.0
116301.0
116302.0
116303.0
116304.0
116305.0
116306.0
116307.0
116400.0
116401.0
116402.0
116403.0
116404.0
116405.0
116406.0
116407.0
116500.0
116501.0
116502.0
116503.0
116504.0
116505.0
116506.0
116507.0
116600.0
116601.0
116602.0
116603.0
116604.0
116605.0
116606.0
116607.0
116700.0
116701.0
116702.0
116703.0
116704.0
116705.0
116706.0
116707.0
116800.0
116801.0
116802.0
116803.0
116804.0
116805.0
116806.0
116807.0
116900.0
116901.0
116902.0
116903.0
116904.0
116905.0
116906.0
116907.0
117000.0
117001.0
117002.0
117003.0
117004.0
117005.0
117006.0
117007.0
117100.0
117101.0
117102.0
117103.0
117104.0
117105.0
117106.0
117107.0
117200.0
117201.0
117202.0
117203.0
117204.0
117205.0
117206.0
117207.0
117300.0
117301.0
117302.0
117303.0
117304.0
117305.0
117306.0
117307.0
117400.0
117401.0
117402.0
117403.0
117404.0
117405.0
117406.0
117407.0
117500.0
117501.0
117502.0
117503.0
117504.0
117505.0
117506.0
117507.0
117600.0
117601.0
117602.0
117603.0
117604.0
117605.0
117606.0
117607.0
117700.0
117701.0
117702.0
117703.0
117704.0
117705.0
117706.0
117707.0
117800.0
117801.0
117802.0
117803.0
117804.0
117805.0
117806.0
117807.0
117900.0
117901.0
117902.0
117903.0
117904.0
117905.0
117906.0
117907.0
118000.0
118001.0
118002.0
118003.0
118004.0
118005.0
118006.0
118007.0
118100.0
118101.0
118102.0
118103.0
118104.0
118105.0
118106.0
118107.0
118200.0
118201.0
118202.0
118203.0
118204.0
118205.0
118206.0
118207.0
118300.0
118301.0
118302.0
118303.0
118304.0
118305.0
118306.0
118307.0
118400.0
118401.0
118402.0
118403.0
118404.0
118405.0
118406.0
118407.0
118500.0
118501.0
118502.0
118503.0
118504.0
118505.0
118506.0
118507.0
118600.0
118601.0
118602.0
118603.0
118604.0
118605.0
118606.0
118607.0
118700.0
118701.0
118702.0
118703.0
118704.0
118705.0
118706.0
118707.0
118800.0
118801.0
118802.0
118803.0
118804.0
118805.0
118806.0
118807.0
118900.0
118901.0
118902.0
118903.0
118904.0
118905.0
118906.0
118907.0
119000.0
119001.0
119002.0
119003.0
119004.0
119005.0
119006.0
119007.0
119100.0
119101.0
119102.0
119103.0
119104.0
119105.0
119106.0
119107.0
119200.0
119201.0
119202.0
119203.0
119204.0
119205.0
119206.0
119207.0
119300.0
119301.0
119302.0
119303.0
119304.0
119305.0
119306.0
119307.0
119400.0
119401.0
119402.0
119403.0
119404.0
119405.0
119406.0
119407.0
119500.0
119501.0
119502.0
119503.0
119504.0
119505.0
119506.0
119507.0
119600.0
119601.0
119602.0
119603.0
119604.0
119605.0
119606.0
119607.0
119700.0
119701.0
119702.0
119703.0
119704.0
119705.0
119706.0
119707.0
119800.0
119801.0
119802.0
119803.0
119804.0
119805.0
119806.0
119807.0
119900.0
119901.0
119902.0
119903.0
119904.0
119905.0
119906.0
119907.0
120000.0
120001.0
120002.0
120003.0
120004.0
120005.0
120006.0
120007.0
120100.0
120101.0
120102.0
120103.0
120104.0
120105.0
120106.0
120107.0
120200.0
120201.0
120202.0
120203.0
120204.0
120205.0
120206.0
120207.0
120300.0
120301.0
120302.0
120303.0
120304.0
120305.0
120306.0
120307.0
120400.0
120401.0
120402.0
120403.0
120404.0
120405.0
120406.0
120407.0
120500.0
120501.0
120502.0
120503.0
120504.0
120505.0
120506.0
120507.0
120600.0
120601.0
120602.0
120603.0
120604.0
120605.0
120606.0
120607.0
120700.0
120701.0
120702.0
120703.0
120704.0
120705.0
120706.0
120707.0
120800.0
120801.0
120802.0
120803.0
120804.0
120805.0
120806.0
120807.0
120900.0
120901.0
120902.0
120903.0
120904.0
120905.0
120906.0
120907.0
121000.0
121001.0
121002.0
121003.0
121004.0
121005.0
121006.0
121007.0
121100.0
121101.0
121102.0
121103.0
121104.0
121105.0
121106.0
121107.0
121200.0
121201.0
121202.0
121203.0
121204.0
121205.0
121206.0
121207.0
121300.0
121301.0
121302.0
121303.0
121304.0
121305.0
121306.0
121307.0
121400.0
121401.0
121402.0
121403.0
121404.0
121405.0
121406.0
121407.0
121500.0
121501.0
121502.0
121503.0
121504.0
121505.0
121506.0
121507.0
121600.0
121601.0
121602.0
121603.0
121604.0
121605.0
121606.0
121607.0
121700.0
121701.0
121702.0
121703.0
121704.0
121705.0
121706.0
121707.0
121800.0
121801.0
121802.0
121803.0
121804.0
121805.0
121806.0
121807.0
121900.0
121901.0
121902.0
121903.0
121904.0
121905.0
121906.0
121907.0
122000.0
122001.0
122002.0
122003.0
122004.0
122005.0
122006.0
122007.0
122100.0
122101.0
122102.0
122103.0
122104.0
122105.0
122106.0
122107.0
122200.0
122201.0
122202.0
122203.0
122204.0
122205.0
122206.0
122207.0
122300.0
122301.0
122302.0
122303.0
122304.0
122305.0
122306.0
122307.0
122400.0
122401.0
122402.0
122403.0
122404.0
122405.0
122406.0
122407.0
122500.0
122501.0
122502.0
122503.0
122504.0
122505.0
122506.0
122507.0
122600.0
122601.0
122602.0
122603.0
122604.0
122605.0
122606.0
122607.0
122700.0
122701.0
122702.0
122703.0
122704.0
122705.0
122706.0
122707.0
122800.0
122801.0
122802.0
122803.0
122804.0
122805.0
122806.0
122807.0
122900.0
122901.0
122902.0
122903.0
122904.0
122905.0
122906.0
122907.0
123000.0
123001.0
123002.0
123003.0
123004.0
123005.0
123006.0
123007.0
123100.0
123101.0
123102.0
123103.0
123104.0
123105.0
123106.0
123107.0
123200.0
123201.0
123202.0
123203.0
123204.0
123205.0
123206.0
123207.0
123300.0
123301.0
123302.0
123303.0
123304.0
123305.0
123306.0
123307.0
123400.0
123401.0
123402.0
123403.0
123404.0
123405.0
123406.0
123407.0
123500.0
123501.0
123502.0
123503.0
123504.0
123505.0
123506.0
123507.0
123600.0
123601.0
123602.0
123603.0
123604.0
123605.0
123606.0
123607.0
123700.0
123701.0
123702.0
123703.0
123704.0
123705.0
123706.0
123707.0
123800.0
123801.0
123802.0
123803.0
