4.0 -294.0 9.0
105.0 -276.0 9.0
203.0 -264.0 9.0
304.0 -246.0 9.0
405.0 -228.0 9.0
503.0 -216.0 9.0
604.0 -198.0 9.0
705.0 -180.0 9.0
803.0 -168.0 9.0
904.0 -150.0 9.0
1005.0 -132.0 9.0
1103.0 -120.0 9.0
1204.0 -102.0 9.0
1305.0 -84.0 9.0
1403.0 -72.0 9.0
1504.0 -54.0 9.0
1605.0 -36.0 9.0
1703.0 -24.0 9.0
1804.0 -6.0 9.0
1905.0 12.0 9.0
2003.0 24.0 9.0
2104.0 42.0 9.0
2205.0 60.0 9.0
2303.0 72.0 9.0
2404.0 90.0 9.0
2505.0 108.0 9.0
2603.0 120.0 9.0
2704.0 138.0 9.0
2805.0 156.0 9.0
2903.0 168.0 9.0
3004.0 186.0 9.0
3105.0 204.0 9.0
3203.0 216.0 9.0
3304.0 234.0 9.0
3405.0 252.0 9.0
3503.0 264.0 9.0
3604.0 282.0 9.0
3705.0 300.0 9.0
3803.0 294.0 27.0
3904.0 276.0 27.0
4005.0 258.0 27.0
4103.0 246.0 27.0
4204.0 228.0 27.0
4305.0 210.0 27.0
4403.0 198.0 27.0
4504.0 180.0 27.0
4605.0 162.0 27.0
4703.0 150.0 27.0
4804.0 132.0 27.0
4905.0 114.0 27.0
5003.0 102.0 27.0
5104.0 84.0 27.0
5205.0 66.0 27.0
5303.0 54.0 27.0
5404.0 36.0 27.0
5505.0 18.0 27.0
5603.0 6.0 27.0
5704.0 -12.0 27.0
5805.0 -30.0 27.0
5903.0 -42.0 27.0
6004.0 -60.0 27.0
6105.0 -78.0 27.0
6203.0 -90.0 27.0
6304.0 -108.0 27.0
6405.0 -126.0 27.0
6503.0 -138.0 27.0
6604.0 -156.0 27.0
6705.0 -174.0 27.0
6803.0 -186.0 27.0
6904.0 -204.0 27.0
7005.0 -222.0 27.0
7103.0 -234.0 27.0
7204.0 -252.0 27.0
7305.0 -270.0 27.0
7403.0 -282.0 27.0
7504.0 -300.0 27.0
7605.0 -288.0 45.0
7703.0 -276.0 45.0
7804.0 -258.0 45.0
7905.0 -240.0 45.0
8003.0 -228.0 45.0
8104.0 -210.0 45.0
8205.0 -192.0 45.0
8303.0 -180.0 45.0
8404.0 -162.0 45.0
8505.0 -144.0 45.0
8603.0 -132.0 45.0
8704.0 -114.0 45.0
8805.0 -96.0 45.0
8903.0 -84.0 45.0
9004.0 -66.0 45.0
9105.0 -48.0 45.0
9203.0 -36.0 45.0
9304.0 -18.0 45.0
9405.0 0.0 45.0
9503.0 12.0 45.0
9604.0 30.0 45.0
9705.0 48.0 45.0
9803.0 60.0 45.0
9904.0 78.0 45.0
10005.0 96.0 45.0
10103.0 108.0 45.0
10204.0 126.0 45.0
10305.0 144.0 45.0
10403.0 156.0 45.0
10504.0 174.0 45.0
10605.0 192.0 45.0
10703.0 204.0 45.0
10804.0 222.0 45.0
10905.0 240.0 45.0
11003.0 252.0 45.0
11104.0 270.0 45.0
11205.0 288.0 45.0
11303.0 300.0 45.0
11404.0 282.0 63.0
11505.0 264.0 63.0
11603.0 252.0 63.0
11704.0 234.0 63.0
11805.0 216.0 63.0
11903.0 204.0 63.0
12004.0 186.0 63.0
12105.0 168.0 63.0
12203.0 156.0 63.0
12304.0 138.0 63.0
12405.0 120.0 63.0
12503.0 108.0 63.0
12604.0 90.0 63.0
12705.0 72.0 63.0
12803.0 60.0 63.0
12904.0 42.0 63.0
13005.0 24.0 63.0
13103.0 12.0 63.0
13204.0 -6.0 63.0
13305.0 -24.0 63.0
13403.0 -36.0 63.0
13504.0 -54.0 63.0
13605.0 -72.0 63.0
13703.0 -84.0 63.0
13804.0 -102.0 63.0
13905.0 -120.0 63.0
14003.0 -132.0 63.0
14104.0 -150.0 63.0
14205.0 -168.0 63.0
14303.0 -180.0 63.0
14404.0 -198.0 63.0
14505.0 -216.0 63.0
14603.0 -228.0 63.0
14704.0 -246.0 63.0
14805.0 -264.0 63.0
14903.0 -276.0 63.0
15004.0 -294.0 63.0
15105.0 -288.0 81.0
15203.0 -276.0 81.0
15304.0 -258.0 81.0
15405.0 -240.0 81.0
15503.0 -228.0 81.0
15604.0 -210.0 81.0
15705.0 -192.0 81.0
15803.0 -180.0 81.0
15904.0 -162.0 81.0
16005.0 -144.0 81.0
16103.0 -132.0 81.0
16204.0 -114.0 81.0
16305.0 -96.0 81.0
16403.0 -84.0 81.0
16504.0 -66.0 81.0
16605.0 -48.0 81.0
16703.0 -36.0 81.0
16804.0 -18.0 81.0
16905.0 0.0 81.0
17003.0 12.0 81.0
17104.0 30.0 81.0
17205.0 48.0 81.0
17303.0 60.0 81.0
17404.0 78.0 81.0
17505.0 96.0 81.0
17603.0 108.0 81.0
17704.0 126.0 81.0
17805.0 144.0 81.0
17903.0 156.0 81.0
18004.0 174.0 81.0
18105.0 192.0 81.0
18203.0 204.0 81.0
18304.0 222.0 81.0
18405.0 240.0 81.0
18503.0 252.0 81.0
18604.0 270.0 81.0
18705.0 288.0 81.0
18803.0 288.0 99.0
18904.0 270.0 99.0
19005.0 252.0 99.0
19103.0 240.0 99.0
19204.0 222.0 99.0
19305.0 204.0 99.0
19403.0 192.0 99.0
19504.0 174.0 99.0
19605.0 156.0 99.0
19703.0 144.0 99.0
19804.0 126.0 99.0
19905.0 108.0 99.0
20003.0 96.0 99.0
20104.0 78.0 99.0
20205.0 60.0 99.0
20303.0 48.0 99.0
20404.0 30.0 99.0
20505.0 12.0 99.0
20603.0 0.0 99.0
20704.0 -18.0 99.0
20805.0 -36.0 99.0
20903.0 -48.0 99.0
21004.0 -66.0 99.0
21105.0 -84.0 99.0
21203.0 -96.0 99.0
21304.0 -114.0 99.0
21405.0 -132.0 99.0
21503.0 -144.0 99.0
21604.0 -162.0 99.0
21705.0 -180.0 99.0
21803.0 -192.0 99.0
21904.0 -210.0 99.0
22005.0 -228.0 99.0
22103.0 -240.0 99.0
22204.0 -258.0 99.0
22305.0 -276.0 99.0
22403.0 -288.0 99.0
22504.0 -270.0 117.0
22605.0 -252.0 117.0
22703.0 -240.0 117.0
22804.0 -222.0 117.0
22905.0 -204.0 117.0
23003.0 -192.0 117.0
23104.0 -174.0 117.0
23205.0 -156.0 117.0
23303.0 -144.0 117.0
23404.0 -126.0 117.0
23505.0 -108.0 117.0
23603.0 -96.0 117.0
23704.0 -78.0 117.0
23805.0 -60.0 117.0
23903.0 -48.0 117.0
24004.0 -30.0 117.0
24105.0 -12.0 117.0
24203.0 0.0 117.0
24304.0 18.0 117.0
24405.0 36.0 117.0
24503.0 48.0 117.0
24604.0 66.0 117.0
24705.0 84.0 117.0
24803.0 96.0 117.0
24904.0 114.0 117.0
25005.0 132.0 117.0
25103.0 144.0 117.0
25204.0 162.0 117.0
25305.0 180.0 117.0
25403.0 192.0 117.0
25504.0 210.0 117.0
25605.0 228.0 117.0
25703.0 240.0 117.0
25804.0 258.0 117.0
25905.0 276.0 117.0
26003.0 270.0 135.0
26104.0 252.0 135.0
26205.0 234.0 135.0
26303.0 222.0 135.0
26404.0 204.0 135.0
26505.0 186.0 135.0
26603.0 174.0 135.0
26704.0 156.0 135.0
26805.0 138.0 135.0
26903.0 126.0 135.0
27004.0 108.0 135.0
27105.0 90.0 135.0
27203.0 78.0 135.0
27304.0 60.0 135.0
27405.0 42.0 135.0
27503.0 30.0 135.0
27604.0 12.0 135.0
27705.0 -6.0 135.0
27803.0 -18.0 135.0
27904.0 -36.0 135.0
28005.0 -54.0 135.0
28103.0 -66.0 135.0
28204.0 -84.0 135.0
28305.0 -102.0 135.0
28403.0 -114.0 135.0
28504.0 -132.0 135.0
28605.0 -150.0 135.0
28703.0 -162.0 135.0
28804.0 -180.0 135.0
28905.0 -198.0 135.0
29003.0 -210.0 135.0
29104.0 -228.0 135.0
29205.0 -246.0 135.0
29303.0 -258.0 135.0
29404.0 -276.0 135.0
29505.0 -252.0 153.0
29603.0 -240.0 153.0
29704.0 -222.0 153.0
29805.0 -204.0 153.0
29903.0 -192.0 153.0
30004.0 -174.0 153.0
30105.0 -156.0 153.0
30203.0 -144.0 153.0
30304.0 -126.0 153.0
30405.0 -108.0 153.0
30503.0 -96.0 153.0
30604.0 -78.0 153.0
30705.0 -60.0 153.0
30803.0 -48.0 153.0
30904.0 -30.0 153.0
31005.0 -12.0 153.0
31103.0 0.0 153.0
31204.0 18.0 153.0
31305.0 36.0 153.0
31403.0 48.0 153.0
31504.0 66.0 153.0
31605.0 84.0 153.0
31703.0 96.0 153.0
31804.0 114.0 153.0
31905.0 132.0 153.0
32003.0 144.0 153.0
32104.0 162.0 153.0
32205.0 180.0 153.0
32303.0 192.0 153.0
32404.0 210.0 153.0
32505.0 228.0 153.0
32603.0 240.0 153.0
32704.0 258.0 153.0
32805.0 246.0 171.0
32903.0 234.0 171.0
33004.0 216.0 171.0
33105.0 198.0 171.0
33203.0 186.0 171.0
33304.0 168.0 171.0
33405.0 150.0 171.0
33503.0 138.0 171.0
33604.0 120.0 171.0
33705.0 102.0 171.0
33803.0 90.0 171.0
33904.0 72.0 171.0
34005.0 54.0 171.0
34103.0 42.0 171.0
34204.0 24.0 171.0
34305.0 6.0 171.0
34403.0 -6.0 171.0
34504.0 -24.0 171.0
34605.0 -42.0 171.0
34703.0 -54.0 171.0
34804.0 -72.0 171.0
34905.0 -90.0 171.0
35003.0 -102.0 171.0
35104.0 -120.0 171.0
35205.0 -138.0 171.0
35303.0 -150.0 171.0
35404.0 -168.0 171.0
35505.0 -186.0 171.0
35603.0 -198.0 171.0
35704.0 -216.0 171.0
35805.0 -234.0 171.0
35903.0 -246.0 171.0
36004.0 -240.0 189.0
36105.0 -222.0 189.0
36203.0 -210.0 189.0
36304.0 -192.0 189.0
36405.0 -174.0 189.0
36503.0 -162.0 189.0
36604.0 -144.0 189.0
36705.0 -126.0 189.0
36803.0 -114.0 189.0
36904.0 -96.0 189.0
37005.0 -78.0 189.0
37103.0 -66.0 189.0
37204.0 -48.0 189.0
37305.0 -30.0 189.0
37403.0 -18.0 189.0
37504.0 0.0 189.0
37605.0 18.0 189.0
37703.0 30.0 189.0
37804.0 48.0 189.0
37905.0 66.0 189.0
38003.0 78.0 189.0
38104.0 96.0 189.0
38205.0 114.0 189.0
38303.0 126.0 189.0
38404.0 144.0 189.0
38505.0 162.0 189.0
38603.0 174.0 189.0
38704.0 192.0 189.0
38805.0 210.0 189.0
38903.0 222.0 189.0
39004.0 240.0 189.0
39105.0 216.0 207.0
39203.0 204.0 207.0
39304.0 186.0 207.0
39405.0 168.0 207.0
39503.0 156.0 207.0
39604.0 138.0 207.0
39705.0 120.0 207.0
39803.0 108.0 207.0
39904.0 90.0 207.0
40005.0 72.0 207.0
40103.0 60.0 207.0
40204.0 42.0 207.0
40305.0 24.0 207.0
40403.0 12.0 207.0
40504.0 -6.0 207.0
40605.0 -24.0 207.0
40703.0 -36.0 207.0
40804.0 -54.0 207.0
40905.0 -72.0 207.0
41003.0 -84.0 207.0
41104.0 -102.0 207.0
41205.0 -120.0 207.0
41303.0 -132.0 207.0
41404.0 -150.0 207.0
41505.0 -168.0 207.0
41603.0 -180.0 207.0
41704.0 -198.0 207.0
41805.0 -216.0 207.0
41903.0 -228.0 207.0
42004.0 -198.0 225.0
42105.0 -180.0 225.0
42203.0 -168.0 225.0
42304.0 -150.0 225.0
42405.0 -132.0 225.0
42503.0 -120.0 225.0
42604.0 -102.0 225.0
42705.0 -84.0 225.0
42803.0 -72.0 225.0
42904.0 -54.0 225.0
43005.0 -36.0 225.0
43103.0 -24.0 225.0
43204.0 -6.0 225.0
43305.0 12.0 225.0
43403.0 24.0 225.0
43504.0 42.0 225.0
43605.0 60.0 225.0
43703.0 72.0 225.0
43804.0 90.0 225.0
43905.0 108.0 225.0
44003.0 120.0 225.0
44104.0 138.0 225.0
44205.0 156.0 225.0
44303.0 168.0 225.0
44404.0 186.0 225.0
44505.0 204.0 225.0
44603.0 186.0 243.0
44704.0 168.0 243.0
44805.0 150.0 243.0
44903.0 138.0 243.0
45004.0 120.0 243.0
45105.0 102.0 243.0
45203.0 90.0 243.0
45304.0 72.0 243.0
45405.0 54.0 243.0
45503.0 42.0 243.0
45604.0 24.0 243.0
45705.0 6.0 243.0
45803.0 -6.0 243.0
45904.0 -24.0 243.0
46005.0 -42.0 243.0
46103.0 -54.0 243.0
46204.0 -72.0 243.0
46305.0 -90.0 243.0
46403.0 -102.0 243.0
46504.0 -120.0 243.0
46605.0 -138.0 243.0
46703.0 -150.0 243.0
46804.0 -168.0 243.0
46905.0 -186.0 243.0
47003.0 -168.0 261.0
47104.0 -150.0 261.0
47205.0 -132.0 261.0
47303.0 -120.0 261.0
47404.0 -102.0 261.0
47505.0 -84.0 261.0
47603.0 -72.0 261.0
47704.0 -54.0 261.0
47805.0 -36.0 261.0
47903.0 -24.0 261.0
48004.0 -6.0 261.0
48105.0 12.0 261.0
48203.0 24.0 261.0
48304.0 42.0 261.0
48405.0 60.0 261.0
48503.0 72.0 261.0
48604.0 90.0 261.0
48705.0 108.0 261.0
48803.0 120.0 261.0
48904.0 138.0 261.0
49005.0 156.0 261.0
49103.0 132.0 279.0
49204.0 114.0 279.0
49305.0 96.0 279.0
49403.0 84.0 279.0
49504.0 66.0 279.0
49605.0 48.0 279.0
49703.0 36.0 279.0
49804.0 18.0 279.0
49905.0 0.0 279.0
50003.0 -12.0 279.0
50104.0 -30.0 279.0
50205.0 -48.0 279.0
50303.0 -60.0 279.0
50404.0 -78.0 279.0
50505.0 -96.0 279.0
50603.0 -108.0 279.0
50704.0 -126.0 279.0
50805.0 -78.0 297.0
50903.0 -66.0 297.0
51004.0 -48.0 297.0
51105.0 -30.0 297.0
51203.0 -18.0 297.0
51304.0 0.0 297.0
51405.0 18.0 297.0
51503.0 30.0 297.0
51604.0 48.0 297.0
51705.0 66.0 297.0
51803.0 78.0 297.0
100004.0 -294.0 -9.0
100105.0 -276.0 -9.0
100203.0 -264.0 -9.0
100304.0 -246.0 -9.0
100405.0 -228.0 -9.0
100503.0 -216.0 -9.0
100604.0 -198.0 -9.0
100705.0 -180.0 -9.0
100803.0 -168.0 -9.0
100904.0 -150.0 -9.0
101005.0 -132.0 -9.0
101103.0 -120.0 -9.0
101204.0 -102.0 -9.0
101305.0 -84.0 -9.0
101403.0 -72.0 -9.0
101504.0 -54.0 -9.0
101605.0 -36.0 -9.0
101703.0 -24.0 -9.0
101804.0 -6.0 -9.0
101905.0 12.0 -9.0
102003.0 24.0 -9.0
102104.0 42.0 -9.0
102205.0 60.0 -9.0
102303.0 72.0 -9.0
102404.0 90.0 -9.0
102505.0 108.0 -9.0
102603.0 120.0 -9.0
102704.0 138.0 -9.0
102805.0 156.0 -9.0
102903.0 168.0 -9.0
103004.0 186.0 -9.0
103105.0 204.0 -9.0
103203.0 216.0 -9.0
103304.0 234.0 -9.0
103405.0 252.0 -9.0
103503.0 264.0 -9.0
103604.0 282.0 -9.0
103705.0 300.0 -9.0
103803.0 294.0 -27.0
103904.0 276.0 -27.0
104005.0 258.0 -27.0
104103.0 246.0 -27.0
104204.0 228.0 -27.0
104305.0 210.0 -27.0
104403.0 198.0 -27.0
104504.0 180.0 -27.0
104605.0 162.0 -27.0
104703.0 150.0 -27.0
104804.0 132.0 -27.0
104905.0 114.0 -27.0
105003.0 102.0 -27.0
105104.0 84.0 -27.0
105205.0 66.0 -27.0
105303.0 54.0 -27.0
105404.0 36.0 -27.0
105505.0 18.0 -27.0
105603.0 6.0 -27.0
105704.0 -12.0 -27.0
105805.0 -30.0 -27.0
105903.0 -42.0 -27.0
106004.0 -60.0 -27.0
106105.0 -78.0 -27.0
106203.0 -90.0 -27.0
106304.0 -108.0 -27.0
106405.0 -126.0 -27.0
106503.0 -138.0 -27.0
106604.0 -156.0 -27.0
106705.0 -174.0 -27.0
106803.0 -186.0 -27.0
106904.0 -204.0 -27.0
107005.0 -222.0 -27.0
107103.0 -234.0 -27.0
107204.0 -252.0 -27.0
107305.0 -270.0 -27.0
107403.0 -282.0 -27.0
107504.0 -300.0 -27.0
107605.0 -288.0 -45.0
107703.0 -276.0 -45.0
107804.0 -258.0 -45.0
107905.0 -240.0 -45.0
108003.0 -228.0 -45.0
108104.0 -210.0 -45.0
108205.0 -192.0 -45.0
108303.0 -180.0 -45.0
108404.0 -162.0 -45.0
108505.0 -144.0 -45.0
108603.0 -132.0 -45.0
108704.0 -114.0 -45.0
108805.0 -96.0 -45.0
108903.0 -84.0 -45.0
109004.0 -66.0 -45.0
109105.0 -48.0 -45.0
109203.0 -36.0 -45.0
109304.0 -18.0 -45.0
109405.0 0.0 -45.0
109503.0 12.0 -45.0
109604.0 30.0 -45.0
109705.0 48.0 -45.0
109803.0 60.0 -45.0
109904.0 78.0 -45.0
110005.0 96.0 -45.0
110103.0 108.0 -45.0
110204.0 126.0 -45.0
110305.0 144.0 -45.0
110403.0 156.0 -45.0
110504.0 174.0 -45.0
110605.0 192.0 -45.0
110703.0 204.0 -45.0
110804.0 222.0 -45.0
110905.0 240.0 -45.0
111003.0 252.0 -45.0
111104.0 270.0 -45.0
111205.0 288.0 -45.0
111303.0 300.0 -45.0
111404.0 282.0 -63.0
111505.0 264.0 -63.0
111603.0 252.0 -63.0
111704.0 234.0 -63.0
111805.0 216.0 -63.0
111903.0 204.0 -63.0
112004.0 186.0 -63.0
112105.0 168.0 -63.0
112203.0 156.0 -63.0
112304.0 138.0 -63.0
112405.0 120.0 -63.0
112503.0 108.0 -63.0
112604.0 90.0 -63.0
112705.0 72.0 -63.0
112803.0 60.0 -63.0
112904.0 42.0 -63.0
113005.0 24.0 -63.0
113103.0 12.0 -63.0
113204.0 -6.0 -63.0
113305.0 -24.0 -63.0
113403.0 -36.0 -63.0
113504.0 -54.0 -63.0
113605.0 -72.0 -63.0
113703.0 -84.0 -63.0
113804.0 -102.0 -63.0
113905.0 -120.0 -63.0
114003.0 -132.0 -63.0
114104.0 -150.0 -63.0
114205.0 -168.0 -63.0
114303.0 -180.0 -63.0
114404.0 -198.0 -63.0
114505.0 -216.0 -63.0
114603.0 -228.0 -63.0
114704.0 -246.0 -63.0
114805.0 -264.0 -63.0
114903.0 -276.0 -63.0
115004.0 -294.0 -63.0
115105.0 -288.0 -81.0
115203.0 -276.0 -81.0
115304.0 -258.0 -81.0
115405.0 -240.0 -81.0
115503.0 -228.0 -81.0
115604.0 -210.0 -81.0
115705.0 -192.0 -81.0
115803.0 -180.0 -81.0
115904.0 -162.0 -81.0
116005.0 -144.0 -81.0
116103.0 -132.0 -81.0
116204.0 -114.0 -81.0
116305.0 -96.0 -81.0
116403.0 -84.0 -81.0
116504.0 -66.0 -81.0
116605.0 -48.0 -81.0
116703.0 -36.0 -81.0
116804.0 -18.0 -81.0
116905.0 0.0 -81.0
117003.0 12.0 -81.0
117104.0 30.0 -81.0
117205.0 48.0 -81.0
117303.0 60.0 -81.0
117404.0 78.0 -81.0
117505.0 96.0 -81.0
117603.0 108.0 -81.0
117704.0 126.0 -81.0
117805.0 144.0 -81.0
117903.0 156.0 -81.0
118004.0 174.0 -81.0
118105.0 192.0 -81.0
118203.0 204.0 -81.0
118304.0 222.0 -81.0
118405.0 240.0 -81.0
118503.0 252.0 -81.0
118604.0 270.0 -81.0
118705.0 288.0 -81.0
118803.0 288.0 -99.0
118904.0 270.0 -99.0
119005.0 252.0 -99.0
119103.0 240.0 -99.0
119204.0 222.0 -99.0
119305.0 204.0 -99.0
119403.0 192.0 -99.0
119504.0 174.0 -99.0
119605.0 156.0 -99.0
119703.0 144.0 -99.0
119804.0 126.0 -99.0
119905.0 108.0 -99.0
120003.0 96.0 -99.0
120104.0 78.0 -99.0
120205.0 60.0 -99.0
120303.0 48.0 -99.0
120404.0 30.0 -99.0
120505.0 12.0 -99.0
120603.0 0.0 -99.0
120704.0 -18.0 -99.0
120805.0 -36.0 -99.0
120903.0 -48.0 -99.0
121004.0 -66.0 -99.0
121105.0 -84.0 -99.0
121203.0 -96.0 -99.0
121304.0 -114.0 -99.0
121405.0 -132.0 -99.0
121503.0 -144.0 -99.0
121604.0 -162.0 -99.0
121705.0 -180.0 -99.0
121803.0 -192.0 -99.0
121904.0 -210.0 -99.0
122005.0 -228.0 -99.0
122103.0 -240.0 -99.0
122204.0 -258.0 -99.0
122305.0 -276.0 -99.0
122403.0 -288.0 -99.0
122504.0 -270.0 -117.0
122605.0 -252.0 -117.0
122703.0 -240.0 -117.0
122804.0 -222.0 -117.0
122905.0 -204.0 -117.0
123003.0 -192.0 -117.0
123104.0 -174.0 -117.0
123205.0 -156.0 -117.0
123303.0 -144.0 -117.0
123404.0 -126.0 -117.0
123505.0 -108.0 -117.0
123603.0 -96.0 -117.0
123704.0 -78.0 -117.0
123805.0 -60.0 -117.0
123903.0 -48.0 -117.0
124004.0 -30.0 -117.0
124105.0 -12.0 -117.0
124203.0 0.0 -117.0
124304.0 18.0 -117.0
124405.0 36.0 -117.0
124503.0 48.0 -117.0
124604.0 66.0 -117.0
124705.0 84.0 -117.0
124803.0 96.0 -117.0
124904.0 114.0 -117.0
125005.0 132.0 -117.0
125103.0 144.0 -117.0
125204.0 162.0 -117.0
125305.0 180.0 -117.0
125403.0 192.0 -117.0
125504.0 210.0 -117.0
125605.0 228.0 -117.0
125703.0 240.0 -117.0
125804.0 258.0 -117.0
125905.0 276.0 -117.0
126003.0 270.0 -135.0
126104.0 252.0 -135.0
126205.0 234.0 -135.0
126303.0 222.0 -135.0
126404.0 204.0 -135.0
126505.0 186.0 -135.0
126603.0 174.0 -135.0
126704.0 156.0 -135.0
126805.0 138.0 -135.0
126903.0 126.0 -135.0
127004.0 108.0 -135.0
127105.0 90.0 -135.0
127203.0 78.0 -135.0
127304.0 60.0 -135.0
127405.0 42.0 -135.0
127503.0 30.0 -135.0
127604.0 12.0 -135.0
127705.0 -6.0 -135.0
127803.0 -18.0 -135.0
127904.0 -36.0 -135.0
128005.0 -54.0 -135.0
128103.0 -66.0 -135.0
128204.0 -84.0 -135.0
128305.0 -102.0 -135.0
128403.0 -114.0 -135.0
128504.0 -132.0 -135.0
128605.0 -150.0 -135.0
128703.0 -162.0 -135.0
128804.0 -180.0 -135.0
128905.0 -198.0 -135.0
129003.0 -210.0 -135.0
129104.0 -228.0 -135.0
129205.0 -246.0 -135.0
129303.0 -258.0 -135.0
129404.0 -276.0 -135.0
129505.0 -252.0 -153.0
129603.0 -240.0 -153.0
129704.0 -222.0 -153.0
129805.0 -204.0 -153.0
129903.0 -192.0 -153.0
130004.0 -174.0 -153.0
130105.0 -156.0 -153.0
130203.0 -144.0 -153.0
130304.0 -126.0 -153.0
130405.0 -108.0 -153.0
130503.0 -96.0 -153.0
130604.0 -78.0 -153.0
130705.0 -60.0 -153.0
130803.0 -48.0 -153.0
130904.0 -30.0 -153.0
131005.0 -12.0 -153.0
131103.0 0.0 -153.0
131204.0 18.0 -153.0
131305.0 36.0 -153.0
131403.0 48.0 -153.0
131504.0 66.0 -153.0
131605.0 84.0 -153.0
131703.0 96.0 -153.0
131804.0 114.0 -153.0
131905.0 132.0 -153.0
132003.0 144.0 -153.0
132104.0 162.0 -153.0
132205.0 180.0 -153.0
132303.0 192.0 -153.0
132404.0 210.0 -153.0
132505.0 228.0 -153.0
132603.0 240.0 -153.0
132704.0 258.0 -153.0
132805.0 246.0 -171.0
132903.0 234.0 -171.0
133004.0 216.0 -171.0
133105.0 198.0 -171.0
133203.0 186.0 -171.0
133304.0 168.0 -171.0
133405.0 150.0 -171.0
133503.0 138.0 -171.0
133604.0 120.0 -171.0
133705.0 102.0 -171.0
133803.0 90.0 -171.0
133904.0 72.0 -171.0
134005.0 54.0 -171.0
134103.0 42.0 -171.0
134204.0 24.0 -171.0
134305.0 6.0 -171.0
134403.0 -6.0 -171.0
134504.0 -24.0 -171.0
134605.0 -42.0 -171.0
134703.0 -54.0 -171.0
134804.0 -72.0 -171.0
134905.0 -90.0 -171.0
135003.0 -102.0 -171.0
135104.0 -120.0 -171.0
135205.0 -138.0 -171.0
135303.0 -150.0 -171.0
135404.0 -168.0 -171.0
135505.0 -186.0 -171.0
135603.0 -198.0 -171.0
135704.0 -216.0 -171.0
135805.0 -234.0 -171.0
135903.0 -246.0 -171.0
136004.0 -240.0 -189.0
136105.0 -222.0 -189.0
136203.0 -210.0 -189.0
136304.0 -192.0 -189.0
136405.0 -174.0 -189.0
136503.0 -162.0 -189.0
136604.0 -144.0 -189.0
136705.0 -126.0 -189.0
136803.0 -114.0 -189.0
136904.0 -96.0 -189.0
137005.0 -78.0 -189.0
137103.0 -66.0 -189.0
137204.0 -48.0 -189.0
137305.0 -30.0 -189.0
137403.0 -18.0 -189.0
137504.0 0.0 -189.0
137605.0 18.0 -189.0
137703.0 30.0 -189.0
137804.0 48.0 -189.0
137905.0 66.0 -189.0
138003.0 78.0 -189.0
138104.0 96.0 -189.0
138205.0 114.0 -189.0
138303.0 126.0 -189.0
138404.0 144.0 -189.0
138505.0 162.0 -189.0
138603.0 174.0 -189.0
138704.0 192.0 -189.0
138805.0 210.0 -189.0
138903.0 222.0 -189.0
139004.0 240.0 -189.0
139105.0 216.0 -207.0
139203.0 204.0 -207.0
139304.0 186.0 -207.0
139405.0 168.0 -207.0
139503.0 156.0 -207.0
139604.0 138.0 -207.0
139705.0 120.0 -207.0
139803.0 108.0 -207.0
139904.0 90.0 -207.0
140005.0 72.0 -207.0
140103.0 60.0 -207.0
140204.0 42.0 -207.0
140305.0 24.0 -207.0
140403.0 12.0 -207.0
140504.0 -6.0 -207.0
140605.0 -24.0 -207.0
140703.0 -36.0 -207.0
140804.0 -54.0 -207.0
140905.0 -72.0 -207.0
141003.0 -84.0 -207.0
141104.0 -102.0 -207.0
141205.0 -120.0 -207.0
141303.0 -132.0 -207.0
141404.0 -150.0 -207.0
141505.0 -168.0 -207.0
141603.0 -180.0 -207.0
141704.0 -198.0 -207.0
141805.0 -216.0 -207.0
141903.0 -228.0 -207.0
142004.0 -198.0 -225.0
142105.0 -180.0 -225.0
142203.0 -168.0 -225.0
142304.0 -150.0 -225.0
142405.0 -132.0 -225.0
142503.0 -120.0 -225.0
142604.0 -102.0 -225.0
142705.0 -84.0 -225.0
142803.0 -72.0 -225.0
142904.0 -54.0 -225.0
143005.0 -36.0 -225.0
143103.0 -24.0 -225.0
143204.0 -6.0 -225.0
143305.0 12.0 -225.0
143403.0 24.0 -225.0
143504.0 42.0 -225.0
143605.0 60.0 -225.0
143703.0 72.0 -225.0
143804.0 90.0 -225.0
143905.0 108.0 -225.0
144003.0 120.0 -225.0
144104.0 138.0 -225.0
144205.0 156.0 -225.0
144303.0 168.0 -225.0
144404.0 186.0 -225.0
144505.0 204.0 -225.0
144603.0 186.0 -243.0
144704.0 168.0 -243.0
144805.0 150.0 -243.0
144903.0 138.0 -243.0
145004.0 120.0 -243.0
145105.0 102.0 -243.0
145203.0 90.0 -243.0
145304.0 72.0 -243.0
145405.0 54.0 -243.0
145503.0 42.0 -243.0
145604.0 24.0 -243.0
145705.0 6.0 -243.0
145803.0 -6.0 -243.0
145904.0 -24.0 -243.0
146005.0 -42.0 -243.0
146103.0 -54.0 -243.0
146204.0 -72.0 -243.0
146305.0 -90.0 -243.0
146403.0 -102.0 -243.0
146504.0 -120.0 -243.0
146605.0 -138.0 -243.0
146703.0 -150.0 -243.0
146804.0 -168.0 -243.0
146905.0 -186.0 -243.0
147003.0 -168.0 -261.0
147104.0 -150.0 -261.0
147205.0 -132.0 -261.0
147303.0 -120.0 -261.0
147404.0 -102.0 -261.0
147505.0 -84.0 -261.0
147603.0 -72.0 -261.0
147704.0 -54.0 -261.0
147805.0 -36.0 -261.0
147903.0 -24.0 -261.0
148004.0 -6.0 -261.0
148105.0 12.0 -261.0
148203.0 24.0 -261.0
148304.0 42.0 -261.0
148405.0 60.0 -261.0
148503.0 72.0 -261.0
148604.0 90.0 -261.0
148705.0 108.0 -261.0
148803.0 120.0 -261.0
148904.0 138.0 -261.0
149005.0 156.0 -261.0
149103.0 132.0 -279.0
149204.0 114.0 -279.0
149305.0 96.0 -279.0
149403.0 84.0 -279.0
149504.0 66.0 -279.0
149605.0 48.0 -279.0
149703.0 36.0 -279.0
149804.0 18.0 -279.0
149905.0 0.0 -279.0
150003.0 -12.0 -279.0
150104.0 -30.0 -279.0
150205.0 -48.0 -279.0
150303.0 -60.0 -279.0
150404.0 -78.0 -279.0
150505.0 -96.0 -279.0
150603.0 -108.0 -279.0
150704.0 -126.0 -279.0
150805.0 -78.0 -297.0
150903.0 -66.0 -297.0
151004.0 -48.0 -297.0
151105.0 -30.0 -297.0
151203.0 -18.0 -297.0
151304.0 0.0 -297.0
151405.0 18.0 -297.0
151503.0 30.0 -297.0
151604.0 48.0 -297.0
151705.0 66.0 -297.0
151803.0 78.0 -297.0
199 200
199 201
199 202
200 200
200 201
200 202
201 200
201 201
201 202
202 200
202 201
202 202
203 200
203 201
203 202
204 200
204 201
204 202
205 200
205 201
205 202
206 200
206 201
206 202
207 200
207 201
207 202
208 200
208 201
208 202
209 200
209 201
209 202
210 200
210 201
210 202
211 200
211 201
211 202
212 200
212 201
212 202
213 200
213 201
213 202
214 200
214 201
214 202
215 200
215 201
215 202
216 200
216 201
216 202
217 200
217 201
217 202
218 200
218 201
218 202
219 200
219 201
219 202
220 200
220 201
220 202
221 200
221 201
221 202
222 200
222 201
222 202
223 200
223 201
223 202
224 200
224 201
224 202
225 200
225 201
225 202
226 200
226 201
226 202
227 200
227 201
227 202
228 200
228 201
228 202
229 200
229 201
229 202
230 200
230 201
230 202
231 200
231 201
231 202
232 200
232 201
232 202
233 200
233 201
233 202
234 200
234 201
234 202
235 200
235 201
235 202
236 200
236 201
236 202
237 200
237 201
237 202
238 200
238 201
238 202
239 200
239 201
239 202
240 200
240 201
240 202
241 200
241 201
241 202
242 200
242 201
242 202
243 200
243 201
243 202
244 200
244 201
244 202
245 200
245 201
245 202
246 200
246 201
246 202
247 200
247 201
247 202
248 200
248 201
248 202
249 200
249 201
249 202
250 200
250 201
250 202
251 200
251 201
251 202
252 200
252 201
252 202
253 200
253 201
253 202
254 200
254 201
254 202
255 200
255 201
255 202
256 200
256 201
256 202
257 200
257 201
257 202
258 200
258 201
258 202
259 200
259 201
259 202
260 200
260 201
260 202
261 200
261 201
261 202
262 200
262 201
262 202
263 200
263 201
263 202
264 200
264 201
264 202
265 200
265 201
265 202
266 200
266 201
266 202
266 203
266 204
266 205
265 203
265 204
265 205
264 203
264 204
264 205
263 203
263 204
263 205
262 203
262 204
262 205
261 203
261 204
261 205
260 203
260 204
260 205
259 203
259 204
259 205
258 203
258 204
258 205
257 203
257 204
257 205
256 203
256 204
256 205
255 203
255 204
255 205
254 203
254 204
254 205
253 203
253 204
253 205
252 203
252 204
252 205
251 203
251 204
251 205
250 203
250 204
250 205
249 203
249 204
249 205
248 203
248 204
248 205
247 203
247 204
247 205
246 203
246 204
246 205
245 203
245 204
245 205
244 203
244 204
244 205
243 203
243 204
243 205
242 203
242 204
242 205
241 203
241 204
241 205
240 203
240 204
240 205
239 203
239 204
239 205
238 203
238 204
238 205
237 203
237 204
237 205
236 203
236 204
236 205
235 203
235 204
235 205
234 203
234 204
234 205
233 203
233 204
233 205
232 203
232 204
232 205
231 203
231 204
231 205
230 203
230 204
230 205
229 203
229 204
229 205
228 203
228 204
228 205
227 203
227 204
227 205
226 203
226 204
226 205
225 203
225 204
225 205
224 203
224 204
224 205
223 203
223 204
223 205
222 203
222 204
222 205
221 203
221 204
221 205
220 203
220 204
220 205
219 203
219 204
219 205
218 203
218 204
218 205
217 203
217 204
217 205
216 203
216 204
216 205
215 203
215 204
215 205
214 203
214 204
214 205
213 203
213 204
213 205
212 203
212 204
212 205
211 203
211 204
211 205
210 203
210 204
210 205
209 203
209 204
209 205
208 203
208 204
208 205
207 203
207 204
207 205
206 203
206 204
206 205
205 203
205 204
205 205
204 203
204 204
204 205
203 203
203 204
203 205
202 203
202 204
202 205
201 203
201 204
201 205
200 203
200 204
200 205
199 203
199 204
199 205
199 206
199 207
199 208
200 206
200 207
200 208
201 206
201 207
201 208
202 206
202 207
202 208
203 206
203 207
203 208
204 206
204 207
204 208
205 206
205 207
205 208
206 206
206 207
206 208
207 206
207 207
207 208
208 206
208 207
208 208
209 206
209 207
209 208
210 206
210 207
210 208
211 206
211 207
211 208
212 206
212 207
212 208
213 206
213 207
213 208
214 206
214 207
214 208
215 206
215 207
215 208
216 206
216 207
216 208
217 206
217 207
217 208
218 206
218 207
218 208
219 206
219 207
219 208
220 206
220 207
220 208
221 206
221 207
221 208
222 206
222 207
222 208
223 206
223 207
223 208
224 206
224 207
224 208
225 206
225 207
225 208
226 206
226 207
226 208
227 206
227 207
227 208
228 206
228 207
228 208
229 206
229 207
229 208
230 206
230 207
230 208
231 206
231 207
231 208
232 206
232 207
232 208
233 206
233 207
233 208
234 206
234 207
234 208
235 206
235 207
235 208
236 206
236 207
236 208
237 206
237 207
237 208
238 206
238 207
238 208
239 206
239 207
239 208
240 206
240 207
240 208
241 206
241 207
241 208
242 206
242 207
242 208
243 206
243 207
243 208
244 206
244 207
244 208
245 206
245 207
245 208
246 206
246 207
246 208
247 206
247 207
247 208
248 206
248 207
248 208
249 206
249 207
249 208
250 206
250 207
250 208
251 206
251 207
251 208
252 206
252 207
252 208
253 206
253 207
253 208
254 206
254 207
254 208
255 206
255 207
255 208
256 206
256 207
256 208
257 206
257 207
257 208
258 206
258 207
258 208
259 206
259 207
259 208
260 206
260 207
260 208
261 206
261 207
261 208
262 206
262 207
262 208
263 206
263 207
263 208
264 206
264 207
264 208
265 206
265 207
265 208
265 209
265 210
265 211
264 209
264 210
264 211
263 209
263 210
263 211
262 209
262 210
262 211
261 209
261 210
261 211
260 209
260 210
260 211
259 209
259 210
259 211
258 209
258 210
258 211
257 209
257 210
257 211
256 209
256 210
256 211
255 209
255 210
255 211
254 209
254 210
254 211
253 209
253 210
253 211
252 209
252 210
252 211
251 209
251 210
251 211
250 209
250 210
250 211
249 209
249 210
249 211
248 209
248 210
248 211
247 209
247 210
247 211
246 209
246 210
246 211
245 209
245 210
245 211
244 209
244 210
244 211
243 209
243 210
243 211
242 209
242 210
242 211
241 209
241 210
241 211
240 209
240 210
240 211
239 209
239 210
239 211
238 209
238 210
238 211
237 209
237 210
237 211
236 209
236 210
236 211
235 209
235 210
235 211
234 209
234 210
234 211
233 209
233 210
233 211
232 209
232 210
232 211
231 209
231 210
231 211
230 209
230 210
230 211
229 209
229 210
229 211
228 209
228 210
228 211
227 209
227 210
227 211
226 209
226 210
226 211
225 209
225 210
225 211
224 209
224 210
224 211
223 209
223 210
223 211
222 209
222 210
222 211
221 209
221 210
221 211
220 209
220 210
220 211
219 209
219 210
219 211
218 209
218 210
218 211
217 209
217 210
217 211
216 209
216 210
216 211
215 209
215 210
215 211
214 209
214 210
214 211
213 209
213 210
213 211
212 209
212 210
212 211
211 209
211 210
211 211
210 209
210 210
210 211
209 209
209 210
209 211
208 209
208 210
208 211
207 209
207 210
207 211
206 209
206 210
206 211
205 209
205 210
205 211
204 209
204 210
204 211
203 209
203 210
203 211
202 209
202 210
202 211
201 209
201 210
201 211
200 209
200 210
200 211
201 212
201 213
201 214
202 212
202 213
202 214
203 212
203 213
203 214
204 212
204 213
204 214
205 212
205 213
205 214
206 212
206 213
206 214
207 212
207 213
207 214
208 212
208 213
208 214
209 212
209 213
209 214
210 212
210 213
210 214
211 212
211 213
211 214
212 212
212 213
212 214
213 212
213 213
213 214
214 212
214 213
214 214
215 212
215 213
215 214
216 212
216 213
216 214
217 212
217 213
217 214
218 212
218 213
218 214
219 212
219 213
219 214
220 212
220 213
220 214
221 212
221 213
221 214
222 212
222 213
222 214
223 212
223 213
223 214
224 212
224 213
224 214
225 212
225 213
225 214
226 212
226 213
226 214
227 212
227 213
227 214
228 212
228 213
228 214
229 212
229 213
229 214
230 212
230 213
230 214
231 212
231 213
231 214
232 212
232 213
232 214
233 212
233 213
233 214
234 212
234 213
234 214
235 212
235 213
235 214
236 212
236 213
236 214
237 212
237 213
237 214
238 212
238 213
238 214
239 212
239 213
239 214
240 212
240 213
240 214
241 212
241 213
241 214
242 212
242 213
242 214
243 212
243 213
243 214
244 212
244 213
244 214
245 212
245 213
245 214
246 212
246 213
246 214
247 212
247 213
247 214
248 212
248 213
248 214
249 212
249 213
249 214
250 212
250 213
250 214
251 212
251 213
251 214
252 212
252 213
252 214
253 212
253 213
253 214
254 212
254 213
254 214
255 212
255 213
255 214
256 212
256 213
256 214
257 212
257 213
257 214
258 212
258 213
258 214
259 212
259 213
259 214
260 212
260 213
260 214
261 212
261 213
261 214
262 212
262 213
262 214
263 212
263 213
263 214
264 212
264 213
264 214
262 215
262 216
262 217
261 215
261 216
261 217
260 215
260 216
260 217
259 215
259 216
259 217
258 215
258 216
258 217
257 215
257 216
257 217
256 215
256 216
256 217
255 215
255 216
255 217
254 215
254 216
254 217
253 215
253 216
253 217
252 215
252 216
252 217
251 215
251 216
251 217
250 215
250 216
250 217
249 215
249 216
249 217
248 215
248 216
248 217
247 215
247 216
247 217
246 215
246 216
246 217
245 215
245 216
245 217
244 215
244 216
244 217
243 215
243 216
243 217
242 215
242 216
242 217
241 215
241 216
241 217
240 215
240 216
240 217
239 215
239 216
239 217
238 215
238 216
238 217
237 215
237 216
237 217
236 215
236 216
236 217
235 215
235 216
235 217
234 215
234 216
234 217
233 215
233 216
233 217
232 215
232 216
232 217
231 215
231 216
231 217
230 215
230 216
230 217
229 215
229 216
229 217
228 215
228 216
228 217
227 215
227 216
227 217
226 215
226 216
226 217
225 215
225 216
225 217
224 215
224 216
224 217
223 215
223 216
223 217
222 215
222 216
222 217
221 215
221 216
221 217
220 215
220 216
220 217
219 215
219 216
219 217
218 215
218 216
218 217
217 215
217 216
217 217
216 215
216 216
216 217
215 215
215 216
215 217
214 215
214 216
214 217
213 215
213 216
213 217
212 215
212 216
212 217
211 215
211 216
211 217
210 215
210 216
210 217
209 215
209 216
209 217
208 215
208 216
208 217
207 215
207 216
207 217
206 215
206 216
206 217
205 215
205 216
205 217
204 215
204 216
204 217
203 215
203 216
203 217
202 215
202 216
202 217
204 218
204 219
204 220
205 218
205 219
205 220
206 218
206 219
206 220
207 218
207 219
207 220
208 218
208 219
208 220
209 218
209 219
209 220
210 218
210 219
210 220
211 218
211 219
211 220
212 218
212 219
212 220
213 218
213 219
213 220
214 218
214 219
214 220
215 218
215 219
215 220
216 218
216 219
216 220
217 218
217 219
217 220
218 218
218 219
218 220
219 218
219 219
219 220
220 218
220 219
220 220
221 218
221 219
221 220
222 218
222 219
222 220
223 218
223 219
223 220
224 218
224 219
224 220
225 218
225 219
225 220
226 218
226 219
226 220
227 218
227 219
227 220
228 218
228 219
228 220
229 218
229 219
229 220
230 218
230 219
230 220
231 218
231 219
231 220
232 218
232 219
232 220
233 218
233 219
233 220
234 218
234 219
234 220
235 218
235 219
235 220
236 218
236 219
236 220
237 218
237 219
237 220
238 218
238 219
238 220
239 218
239 219
239 220
240 218
240 219
240 220
241 218
241 219
241 220
242 218
242 219
242 220
243 218
243 219
243 220
244 218
244 219
244 220
245 218
245 219
245 220
246 218
246 219
246 220
247 218
247 219
247 220
248 218
248 219
248 220
249 218
249 219
249 220
250 218
250 219
250 220
251 218
251 219
251 220
252 218
252 219
252 220
253 218
253 219
253 220
254 218
254 219
254 220
255 218
255 219
255 220
256 218
256 219
256 220
257 218
257 219
257 220
258 218
258 219
258 220
259 218
259 219
259 220
260 218
260 219
260 220
261 218
261 219
261 220
258 221
258 222
258 223
257 221
257 222
257 223
256 221
256 222
256 223
255 221
255 222
255 223
254 221
254 222
254 223
253 221
253 222
253 223
252 221
252 222
252 223
251 221
251 222
251 223
250 221
250 222
250 223
249 221
249 222
249 223
248 221
248 222
248 223
247 221
247 222
247 223
246 221
246 222
246 223
245 221
245 222
245 223
244 221
244 222
244 223
243 221
243 222
243 223
242 221
242 222
242 223
241 221
241 222
241 223
240 221
240 222
240 223
239 221
239 222
239 223
238 221
238 222
238 223
237 221
237 222
237 223
236 221
236 222
236 223
235 221
235 222
235 223
234 221
234 222
234 223
233 221
233 222
233 223
232 221
232 222
232 223
231 221
231 222
231 223
230 221
230 222
230 223
229 221
229 222
229 223
228 221
228 222
228 223
227 221
227 222
227 223
226 221
226 222
226 223
225 221
225 222
225 223
224 221
224 222
224 223
223 221
223 222
223 223
222 221
222 222
222 223
221 221
221 222
221 223
220 221
220 222
220 223
219 221
219 222
219 223
218 221
218 222
218 223
217 221
217 222
217 223
216 221
216 222
216 223
215 221
215 222
215 223
214 221
214 222
214 223
213 221
213 222
213 223
212 221
212 222
212 223
211 221
211 222
211 223
210 221
210 222
210 223
209 221
209 222
209 223
208 221
208 222
208 223
207 221
207 222
207 223
206 221
206 222
206 223
209 224
209 225
209 226
210 224
210 225
210 226
211 224
211 225
211 226
212 224
212 225
212 226
213 224
213 225
213 226
214 224
214 225
214 226
215 224
215 225
215 226
216 224
216 225
216 226
217 224
217 225
217 226
218 224
218 225
218 226
219 224
219 225
219 226
220 224
220 225
220 226
221 224
221 225
221 226
222 224
222 225
222 226
223 224
223 225
223 226
224 224
224 225
224 226
225 224
225 225
225 226
226 224
226 225
226 226
227 224
227 225
227 226
228 224
228 225
228 226
229 224
229 225
229 226
230 224
230 225
230 226
231 224
231 225
231 226
232 224
232 225
232 226
233 224
233 225
233 226
234 224
234 225
234 226
235 224
235 225
235 226
236 224
236 225
236 226
237 224
237 225
237 226
238 224
238 225
238 226
239 224
239 225
239 226
240 224
240 225
240 226
241 224
241 225
241 226
242 224
242 225
242 226
243 224
243 225
243 226
244 224
244 225
244 226
245 224
245 225
245 226
246 224
246 225
246 226
247 224
247 225
247 226
248 224
248 225
248 226
249 224
249 225
249 226
250 224
250 225
250 226
251 224
251 225
251 226
252 224
252 225
252 226
253 224
253 225
253 226
254 224
254 225
254 226
255 224
255 225
255 226
256 224
256 225
256 226
252 227
252 228
252 229
251 227
251 228
251 229
250 227
250 228
250 229
249 227
249 228
249 229
248 227
248 228
248 229
247 227
247 228
247 229
246 227
246 228
246 229
245 227
245 228
245 229
244 227
244 228
244 229
243 227
243 228
243 229
242 227
242 228
242 229
241 227
241 228
241 229
240 227
240 228
240 229
239 227
239 228
239 229
238 227
238 228
238 229
237 227
237 228
237 229
236 227
236 228
236 229
235 227
235 228
235 229
234 227
234 228
234 229
233 227
233 228
233 229
232 227
232 228
232 229
231 227
231 228
231 229
230 227
230 228
230 229
229 227
229 228
229 229
228 227
228 228
228 229
227 227
227 228
227 229
226 227
226 228
226 229
225 227
225 228
225 229
224 227
224 228
224 229
223 227
223 228
223 229
222 227
222 228
222 229
221 227
221 228
221 229
220 227
220 228
220 229
219 227
219 228
219 229
218 227
218 228
218 229
217 227
217 228
217 229
216 227
216 228
216 229
215 227
215 228
215 229
214 227
214 228
214 229
213 227
213 228
213 229
212 227
212 228
212 229
217 230
217 231
217 232
218 230
218 231
218 232
219 230
219 231
219 232
220 230
220 231
220 232
221 230
221 231
221 232
222 230
222 231
222 232
223 230
223 231
223 232
224 230
224 231
224 232
225 230
225 231
225 232
226 230
226 231
226 232
227 230
227 231
227 232
228 230
228 231
228 232
229 230
229 231
229 232
230 230
230 231
230 232
231 230
231 231
231 232
232 230
232 231
232 232
233 230
233 231
233 232
234 230
234 231
234 232
235 230
235 231
235 232
236 230
236 231
236 232
237 230
237 231
237 232
238 230
238 231
238 232
239 230
239 231
239 232
240 230
240 231
240 232
241 230
241 231
241 232
242 230
242 231
242 232
243 230
243 231
243 232
244 230
244 231
244 232
245 230
245 231
245 232
246 230
246 231
246 232
247 230
247 231
247 232
237 233
237 234
237 235
236 233
236 234
236 235
235 233
235 234
235 235
234 233
234 234
234 235
233 233
233 234
233 235
232 233
232 234
232 235
231 233
231 234
231 235
230 233
230 234
230 235
229 233
229 234
229 235
228 233
228 234
228 235
227 233
227 234
227 235
3816
4.0 -291.0 13.5
105.0 -264.0 13.5
203.0 -246.0 13.5
304.0 -219.0 13.5
405.0 -192.0 13.5
503.0 -174.0 13.5
604.0 -147.0 13.5
705.0 -120.0 13.5
803.0 -102.0 13.5
904.0 -75.0 13.5
1005.0 -48.0 13.5
1103.0 -30.0 13.5
1204.0 -3.0 13.5
1305.0 24.0 13.5
1403.0 42.0 13.5
1504.0 69.0 13.5
1605.0 96.0 13.5
1703.0 114.0 13.5
1804.0 141.0 13.5
1905.0 168.0 13.5
2003.0 186.0 13.5
2104.0 213.0 13.5
2205.0 240.0 13.5
2303.0 258.0 13.5
2404.0 285.0 13.5
2505.0 303.0 40.5
2603.0 285.0 40.5
2704.0 258.0 40.5
2805.0 231.0 40.5
2903.0 213.0 40.5
3004.0 186.0 40.5
3105.0 159.0 40.5
3203.0 141.0 40.5
3304.0 114.0 40.5
3405.0 87.0 40.5
3503.0 69.0 40.5
3604.0 42.0 40.5
3705.0 15.0 40.5
3803.0 -3.0 40.5
3904.0 -30.0 40.5
4005.0 -57.0 40.5
4103.0 -75.0 40.5
4204.0 -102.0 40.5
4305.0 -129.0 40.5
4403.0 -147.0 40.5
4504.0 -174.0 40.5
4605.0 -201.0 40.5
4703.0 -219.0 40.5
4804.0 -246.0 40.5
4905.0 -273.0 40.5
5003.0 -291.0 40.5
5104.0 -291.0 67.5
5205.0 -264.0 67.5
5303.0 -246.0 67.5
5404.0 -219.0 67.5
5505.0 -192.0 67.5
5603.0 -174.0 67.5
5704.0 -147.0 67.5
5805.0 -120.0 67.5
5903.0 -102.0 67.5
6004.0 -75.0 67.5
6105.0 -48.0 67.5
6203.0 -30.0 67.5
6304.0 -3.0 67.5
6405.0 24.0 67.5
6503.0 42.0 67.5
6604.0 69.0 67.5
6705.0 96.0 67.5
6803.0 114.0 67.5
6904.0 141.0 67.5
7005.0 168.0 67.5
7103.0 186.0 67.5
7204.0 213.0 67.5
7305.0 240.0 67.5
7403.0 258.0 67.5
7504.0 285.0 67.5
7605.0 285.0 94.5
7703.0 267.0 94.5
7804.0 240.0 94.5
7905.0 213.0 94.5
8003.0 195.0 94.5
8104.0 168.0 94.5
8205.0 141.0 94.5
8303.0 123.0 94.5
8404.0 96.0 94.5
8505.0 69.0 94.5
8603.0 51.0 94.5
8704.0 24.0 94.5
8805.0 -3.0 94.5
8903.0 -21.0 94.5
9004.0 -48.0 94.5
9105.0 -75.0 94.5
9203.0 -93.0 94.5
9304.0 -120.0 94.5
9405.0 -147.0 94.5
9503.0 -165.0 94.5
9604.0 -192.0 94.5
9705.0 -219.0 94.5
9803.0 -237.0 94.5
9904.0 -264.0 94.5
10005.0 -291.0 94.5
10103.0 -273.0 121.5
10204.0 -246.0 121.5
10305.0 -219.0 121.5
10403.0 -201.0 121.5
10504.0 -174.0 121.5
10605.0 -147.0 121.5
10703.0 -129.0 121.5
10804.0 -102.0 121.5
10905.0 -75.0 121.5
11003.0 -57.0 121.5
11104.0 -30.0 121.5
11205.0 -3.0 121.5
11303.0 15.0 121.5
11404.0 42.0 121.5
11505.0 69.0 121.5
11603.0 87.0 121.5
11704.0 114.0 121.5
11805.0 141.0 121.5
11903.0 159.0 121.5
12004.0 186.0 121.5
12105.0 213.0 121.5
12203.0 231.0 121.5
12304.0 258.0 121.5
12405.0 285.0 121.5
12503.0 258.0 148.5
12604.0 231.0 148.5
12705.0 204.0 148.5
12803.0 186.0 148.5
12904.0 159.0 148.5
13005.0 132.0 148.5
13103.0 114.0 148.5
13204.0 87.0 148.5
13305.0 60.0 148.5
13403.0 42.0 148.5
13504.0 15.0 148.5
13605.0 -12.0 148.5
13703.0 -30.0 148.5
13804.0 -57.0 148.5
13905.0 -84.0 148.5
14003.0 -102.0 148.5
14104.0 -129.0 148.5
14205.0 -156.0 148.5
14303.0 -174.0 148.5
14404.0 -201.0 148.5
14505.0 -228.0 148.5
14603.0 -246.0 148.5
14704.0 -273.0 148.5
14805.0 -237.0 175.5
14903.0 -219.0 175.5
15004.0 -192.0 175.5
15105.0 -165.0 175.5
15203.0 -147.0 175.5
15304.0 -120.0 175.5
15405.0 -93.0 175.5
15503.0 -75.0 175.5
15604.0 -48.0 175.5
15705.0 -21.0 175.5
15803.0 -3.0 175.5
15904.0 24.0 175.5
16005.0 51.0 175.5
16103.0 69.0 175.5
16204.0 96.0 175.5
16305.0 123.0 175.5
16403.0 141.0 175.5
16504.0 168.0 175.5
16605.0 195.0 175.5
16703.0 213.0 175.5
16804.0 240.0 175.5
16905.0 231.0 202.5
17003.0 213.0 202.5
17104.0 186.0 202.5
17205.0 159.0 202.5
17303.0 141.0 202.5
17404.0 114.0 202.5
17505.0 87.0 202.5
17603.0 69.0 202.5
17704.0 42.0 202.5
17805.0 15.0 202.5
17903.0 -3.0 202.5
18004.0 -30.0 202.5
18105.0 -57.0 202.5
18203.0 -75.0 202.5
18304.0 -102.0 202.5
18405.0 -129.0 202.5
18503.0 -147.0 202.5
18604.0 -174.0 202.5
18705.0 -201.0 202.5
18803.0 -219.0 202.5
18904.0 -210.0 229.5
19005.0 -183.0 229.5
19103.0 -165.0 229.5
19204.0 -138.0 229.5
19305.0 -111.0 229.5
19403.0 -93.0 229.5
19504.0 -66.0 229.5
19605.0 -39.0 229.5
19703.0 -21.0 229.5
19804.0 6.0 229.5
19905.0 33.0 229.5
20003.0 51.0 229.5
20104.0 78.0 229.5
20205.0 105.0 229.5
20303.0 123.0 229.5
20404.0 150.0 229.5
20505.0 177.0 229.5
20603.0 195.0 229.5
20704.0 177.0 256.5
20805.0 150.0 256.5
20903.0 132.0 256.5
21004.0 105.0 256.5
21105.0 78.0 256.5
21203.0 60.0 256.5
21304.0 33.0 256.5
21405.0 6.0 256.5
21503.0 -12.0 256.5
21604.0 -39.0 256.5
21705.0 -66.0 256.5
21803.0 -84.0 256.5
21904.0 -111.0 256.5
22005.0 -138.0 256.5
22103.0 -156.0 256.5
22204.0 -183.0 256.5
22305.0 -120.0 283.5
22403.0 -102.0 283.5
22504.0 -75.0 283.5
22605.0 -48.0 283.5
22703.0 -30.0 283.5
22804.0 -3.0 283.5
22905.0 24.0 283.5
23003.0 42.0 283.5
23104.0 69.0 283.5
23205.0 96.0 283.5
23303.0 114.0 283.5
23404.0 42.0 310.5
23505.0 15.0 310.5
23603.0 -3.0 310.5
23704.0 -30.0 310.5
100004.0 -291.0 -13.5
100105.0 -264.0 -13.5
100203.0 -246.0 -13.5
100304.0 -219.0 -13.5
100405.0 -192.0 -13.5
100503.0 -174.0 -13.5
100604.0 -147.0 -13.5
100705.0 -120.0 -13.5
100803.0 -102.0 -13.5
100904.0 -75.0 -13.5
101005.0 -48.0 -13.5
101103.0 -30.0 -13.5
101204.0 -3.0 -13.5
101305.0 24.0 -13.5
101403.0 42.0 -13.5
101504.0 69.0 -13.5
101605.0 96.0 -13.5
101703.0 114.0 -13.5
101804.0 141.0 -13.5
101905.0 168.0 -13.5
102003.0 186.0 -13.5
102104.0 213.0 -13.5
102205.0 240.0 -13.5
102303.0 258.0 -13.5
102404.0 285.0 -13.5
102505.0 303.0 -40.5
102603.0 285.0 -40.5
102704.0 258.0 -40.5
102805.0 231.0 -40.5
102903.0 213.0 -40.5
103004.0 186.0 -40.5
103105.0 159.0 -40.5
103203.0 141.0 -40.5
103304.0 114.0 -40.5
103405.0 87.0 -40.5
103503.0 69.0 -40.5
103604.0 42.0 -40.5
103705.0 15.0 -40.5
103803.0 -3.0 -40.5
103904.0 -30.0 -40.5
104005.0 -57.0 -40.5
104103.0 -75.0 -40.5
104204.0 -102.0 -40.5
104305.0 -129.0 -40.5
104403.0 -147.0 -40.5
104504.0 -174.0 -40.5
104605.0 -201.0 -40.5
104703.0 -219.0 -40.5
104804.0 -246.0 -40.5
104905.0 -273.0 -40.5
105003.0 -291.0 -40.5
105104.0 -291.0 -67.5
105205.0 -264.0 -67.5
105303.0 -246.0 -67.5
105404.0 -219.0 -67.5
105505.0 -192.0 -67.5
105603.0 -174.0 -67.5
105704.0 -147.0 -67.5
105805.0 -120.0 -67.5
105903.0 -102.0 -67.5
106004.0 -75.0 -67.5
106105.0 -48.0 -67.5
106203.0 -30.0 -67.5
106304.0 -3.0 -67.5
106405.0 24.0 -67.5
106503.0 42.0 -67.5
106604.0 69.0 -67.5
106705.0 96.0 -67.5
106803.0 114.0 -67.5
106904.0 141.0 -67.5
107005.0 168.0 -67.5
107103.0 186.0 -67.5
107204.0 213.0 -67.5
107305.0 240.0 -67.5
107403.0 258.0 -67.5
107504.0 285.0 -67.5
107605.0 285.0 -94.5
107703.0 267.0 -94.5
107804.0 240.0 -94.5
107905.0 213.0 -94.5
108003.0 195.0 -94.5
108104.0 168.0 -94.5
108205.0 141.0 -94.5
108303.0 123.0 -94.5
108404.0 96.0 -94.5
108505.0 69.0 -94.5
108603.0 51.0 -94.5
108704.0 24.0 -94.5
108805.0 -3.0 -94.5
108903.0 -21.0 -94.5
109004.0 -48.0 -94.5
109105.0 -75.0 -94.5
109203.0 -93.0 -94.5
109304.0 -120.0 -94.5
109405.0 -147.0 -94.5
109503.0 -165.0 -94.5
109604.0 -192.0 -94.5
109705.0 -219.0 -94.5
109803.0 -237.0 -94.5
109904.0 -264.0 -94.5
110005.0 -291.0 -94.5
110103.0 -273.0 -121.5
110204.0 -246.0 -121.5
110305.0 -219.0 -121.5
110403.0 -201.0 -121.5
110504.0 -174.0 -121.5
110605.0 -147.0 -121.5
110703.0 -129.0 -121.5
110804.0 -102.0 -121.5
110905.0 -75.0 -121.5
111003.0 -57.0 -121.5
111104.0 -30.0 -121.5
111205.0 -3.0 -121.5
111303.0 15.0 -121.5
111404.0 42.0 -121.5
111505.0 69.0 -121.5
111603.0 87.0 -121.5
111704.0 114.0 -121.5
111805.0 141.0 -121.5
111903.0 159.0 -121.5
112004.0 186.0 -121.5
112105.0 213.0 -121.5
112203.0 231.0 -121.5
112304.0 258.0 -121.5
112405.0 285.0 -121.5
112503.0 258.0 -148.5
112604.0 231.0 -148.5
112705.0 204.0 -148.5
112803.0 186.0 -148.5
112904.0 159.0 -148.5
113005.0 132.0 -148.5
113103.0 114.0 -148.5
113204.0 87.0 -148.5
113305.0 60.0 -148.5
113403.0 42.0 -148.5
113504.0 15.0 -148.5
113605.0 -12.0 -148.5
113703.0 -30.0 -148.5
113804.0 -57.0 -148.5
113905.0 -84.0 -148.5
114003.0 -102.0 -148.5
114104.0 -129.0 -148.5
114205.0 -156.0 -148.5
114303.0 -174.0 -148.5
114404.0 -201.0 -148.5
114505.0 -228.0 -148.5
114603.0 -246.0 -148.5
114704.0 -273.0 -148.5
114805.0 -237.0 -175.5
114903.0 -219.0 -175.5
115004.0 -192.0 -175.5
115105.0 -165.0 -175.5
115203.0 -147.0 -175.5
115304.0 -120.0 -175.5
115405.0 -93.0 -175.5
115503.0 -75.0 -175.5
115604.0 -48.0 -175.5
115705.0 -21.0 -175.5
115803.0 -3.0 -175.5
115904.0 24.0 -175.5
116005.0 51.0 -175.5
116103.0 69.0 -175.5
116204.0 96.0 -175.5
116305.0 123.0 -175.5
116403.0 141.0 -175.5
116504.0 168.0 -175.5
116605.0 195.0 -175.5
116703.0 213.0 -175.5
116804.0 240.0 -175.5
116905.0 231.0 -202.5
117003.0 213.0 -202.5
117104.0 186.0 -202.5
117205.0 159.0 -202.5
117303.0 141.0 -202.5
117404.0 114.0 -202.5
117505.0 87.0 -202.5
117603.0 69.0 -202.5
117704.0 42.0 -202.5
117805.0 15.0 -202.5
117903.0 -3.0 -202.5
118004.0 -30.0 -202.5
118105.0 -57.0 -202.5
118203.0 -75.0 -202.5
118304.0 -102.0 -202.5
118405.0 -129.0 -202.5
118503.0 -147.0 -202.5
118604.0 -174.0 -202.5
118705.0 -201.0 -202.5
118803.0 -219.0 -202.5
118904.0 -210.0 -229.5
119005.0 -183.0 -229.5
119103.0 -165.0 -229.5
119204.0 -138.0 -229.5
119305.0 -111.0 -229.5
119403.0 -93.0 -229.5
119504.0 -66.0 -229.5
119605.0 -39.0 -229.5
119703.0 -21.0 -229.5
119804.0 6.0 -229.5
119905.0 33.0 -229.5
120003.0 51.0 -229.5
120104.0 78.0 -229.5
120205.0 105.0 -229.5
120303.0 123.0 -229.5
120404.0 150.0 -229.5
120505.0 177.0 -229.5
120603.0 195.0 -229.5
120704.0 177.0 -256.5
120805.0 150.0 -256.5
120903.0 132.0 -256.5
121004.0 105.0 -256.5
121105.0 78.0 -256.5
121203.0 60.0 -256.5
121304.0 33.0 -256.5
121405.0 6.0 -256.5
121503.0 -12.0 -256.5
121604.0 -39.0 -256.5
121705.0 -66.0 -256.5
121803.0 -84.0 -256.5
121904.0 -111.0 -256.5
122005.0 -138.0 -256.5
122103.0 -156.0 -256.5
122204.0 -183.0 -256.5
122305.0 -120.0 -283.5
122403.0 -102.0 -283.5
122504.0 -75.0 -283.5
122605.0 -48.0 -283.5
122703.0 -30.0 -283.5
122804.0 -3.0 -283.5
122905.0 24.0 -283.5
123003.0 42.0 -283.5
123104.0 69.0 -283.5
123205.0 96.0 -283.5
123303.0 114.0 -283.5
123404.0 42.0 -310.5
123505.0 15.0 -310.5
123603.0 -3.0 -310.5
123704.0 -30.0 -310.5
