# Total number of ROBoards
NROBoards= 17

# Number of mezzanines for a full board
NROMezzaninesPerFullBoard= 4

# Number of readout boards for each station [one value for each station]
NROBoardsPerStation= 17

# Mezzanine masks to indicate the enabled mezzanines in each board [one value for each ROBoard]
ROMezzanineMasksPerBoard= f f f f f f f f f f f f f f f f f

# FPGA map: number of FPGA per readout (DAQ) board (i.e number of TDCs per Tel62) - from run 1423 - December 2014
# "NFPGAs" has to be specified for how many readout boards the sub-detector is using   
NFPGAs= 4 4 4 4 4 4 4 4 4 4 4 4 4 4 4 4 1

# Number of 25ns-long slots read [one value for each mezzanine]
NSlots= 5 5 5 5 5 5 5 5 5 5 5 5 5 5 5 5 5 5 5 5 5 5 5 5 5 5 5 5 5 5 5 5 5 5 5 5 5 5 5 5 5 5 5 5 5 5 5 5 5 5 5 5 5 5 5 5 5 5 5 5 5 5 5 5 5

# Index of last 25ns-long slot [one value for each mezzanine]
LastSlotID= 2 2 2 2 2 2 2 2 2 2 2 2 2 2 2 2 2 2 2 2 2 2 2 2 2 2 2 2 2 2 2 2 2 2 2 2 2 2 2 2 2 2 2 2 2 2 2 2 2 2 2 2 2 2 2 2 2 2 2 2 2 2 2 2 2

# Flag to define the treatment of warning printouts
#0: no warnings
#1: general information event-related 
#2: general information detector-related
#3: maximum detail level
WarningsLevel= 2

# Total number of channels of the readout board (used by RecoBase/src/TDCBRawDecoder.cc)
NROChannels= 8320


ChRemap_0000 = 0 1 2 3 4 5 6 7 10 11 12 13 14 15 16 17
ChRemap_0001 = 20 21 22 23 24 25 26 27 30 31 32 33 34 35 36 37
ChRemap_0002 = 40 41 42 43 44 45 46 47 50 51 52 53 54 55 56 57
ChRemap_0003 = 60 61 62 63 64 65 66 67 70 71 72 73 74 75 76 77
ChRemap_0004 = 80 81 82 83 84 85 86 87 90 91 92 93 94 95 96 97
ChRemap_0005 = 100 101 102 103 104 105 106 107 110 111 112 113 114 115 116 117
ChRemap_0006 = 120 121 122 123 124 125 126 127 130 131 132 133 134 135 136 137
ChRemap_0007 = 140 141 142 143 144 145 146 147 150 151 152 153 154 155 156 157
ChRemap_0008 = 160 161 162 163 164 165 166 167 170 171 172 173 174 175 176 177
ChRemap_0009 = 180 181 182 183 184 185 186 187 190 191 192 193 194 195 196 197
ChRemap_0010 = 200 201 202 203 204 205 206 207 210 211 212 213 214 215 216 217
ChRemap_0011 = 220 221 222 223 224 225 226 227 230 231 232 233 234 235 236 237
ChRemap_0012 = 240 241 242 243 244 245 246 247 250 251 252 253 254 255 256 257
ChRemap_0013 = 260 261 262 263 264 265 266 267 270 271 272 273 274 275 276 277
ChRemap_0014 = 280 281 282 283 284 285 286 287 290 291 292 293 294 295 296 297
ChRemap_0015 = 300 301 302 303 304 305 306 307 310 311 312 313 314 315 316 317
ChRemap_0016 = 320 321 322 323 324 325 326 327 330 331 332 333 334 335 336 337
ChRemap_0017 = 340 341 342 343 344 345 346 347 350 351 352 353 354 355 356 357
ChRemap_0018 = 360 361 362 363 364 365 366 367 370 371 372 373 374 375 376 377
ChRemap_0019 = 380 381 382 383 384 385 386 387 390 391 392 393 394 395 396 397
ChRemap_0020 = 400 401 402 403 404 405 406 407 410 411 412 413 414 415 416 417
ChRemap_0021 = 420 421 422 423 424 425 426 427 430 431 432 433 434 435 436 437
ChRemap_0022 = 440 441 442 443 444 445 446 447 450 451 452 453 454 455 456 457
ChRemap_0023 = 460 461 462 463 464 465 466 467 470 471 472 473 474 475 476 477
ChRemap_0024 = 480 481 482 483 484 485 486 487 490 491 492 493 494 495 496 497
ChRemap_0025 = 500 501 502 503 504 505 506 507 510 511 512 513 514 515 516 517
ChRemap_0026 = 520 521 522 523 524 525 526 527 530 531 532 533 534 535 536 537
ChRemap_0027 = 540 541 542 543 544 545 546 547 550 551 552 553 554 555 556 557
ChRemap_0028 = 560 561 562 563 564 565 566 567 570 571 572 573 574 575 576 577
ChRemap_0029 = 580 581 582 583 584 585 586 587 590 591 592 593 594 595 596 597
ChRemap_0030 = 600 601 602 603 604 605 606 607 610 611 612 613 614 615 616 617
ChRemap_0031 = 620 621 622 623 624 625 626 627 630 631 632 633 634 635 636 637
ChRemap_0032 = 640 641 642 643 644 645 646 647 650 651 652 653 654 655 656 657
ChRemap_0033 = 660 661 662 663 664 665 666 667 670 671 672 673 674 675 676 677
ChRemap_0034 = 680 681 682 683 684 685 686 687 690 691 692 693 694 695 696 697
ChRemap_0035 = 700 701 702 703 704 705 706 707 710 711 712 713 714 715 716 717
ChRemap_0036 = 720 721 722 723 724 725 726 727 730 731 732 733 734 735 736 737
ChRemap_0037 = 740 741 742 743 744 745 746 747 750 751 752 753 754 755 756 757
ChRemap_0038 = 760 761 762 763 764 765 766 767 770 771 772 773 774 775 776 777
ChRemap_0039 = 780 781 782 783 784 785 786 787 790 791 792 793 794 795 796 797
ChRemap_0040 = 800 801 802 803 804 805 806 807 810 811 812 813 814 815 816 817
ChRemap_0041 = 820 821 822 823 824 825 826 827 830 831 832 833 834 835 836 837
ChRemap_0042 = 840 841 842 843 844 845 846 847 850 851 852 853 854 855 856 857
ChRemap_0043 = 860 861 862 863 864 865 866 867 870 871 872 873 874 875 876 877
ChRemap_0044 = 880 881 882 883 884 885 886 887 890 891 892 893 894 895 896 897
ChRemap_0045 = 900 901 902 903 904 905 906 907 910 911 912 913 914 915 916 917
ChRemap_0046 = 920 921 922 923 924 925 926 927 930 931 932 933 934 935 936 937
ChRemap_0047 = 940 941 942 943 944 945 946 947 950 951 952 953 954 955 956 957
ChRemap_0048 = 960 961 962 963 964 965 966 967 970 971 972 973 974 975 976 977
ChRemap_0049 = 980 981 982 983 984 985 986 987 990 991 992 993 994 995 996 997
ChRemap_0050 = 1000 1001 1002 1003 1004 1005 1006 1007 1010 1011 1012 1013 1014 1015 1016 1017
ChRemap_0051 = 1020 1021 1022 1023 1024 1025 1026 1027 1030 1031 1032 1033 1034 1035 1036 1037
ChRemap_0052 = 1040 1041 1042 1043 1044 1045 1046 1047 1050 1051 1052 1053 1054 1055 1056 1057
ChRemap_0053 = 1060 1061 1062 1063 1064 1065 1066 1067 1070 1071 1072 1073 1074 1075 1076 1077
ChRemap_0054 = 1080 1081 1082 1083 1084 1085 1086 1087 1090 1091 1092 1093 1094 1095 1096 1097
ChRemap_0055 = 1100 1101 1102 1103 1104 1105 1106 1107 1110 1111 1112 1113 1114 1115 1116 1117
ChRemap_0056 = 1120 1121 1122 1123 1124 1125 1126 1127 1130 1131 1132 1133 1134 1135 1136 1137
ChRemap_0057 = 1140 1141 1142 1143 1144 1145 1146 1147 1150 1151 1152 1153 1154 1155 1156 1157
ChRemap_0058 = 1160 1161 1162 1163 1164 1165 1166 1167 1170 1171 1172 1173 1174 1175 1176 1177
ChRemap_0059 = 1180 1181 1182 1183 1184 1185 1186 1187 1190 1191 1192 1193 1194 1195 1196 1197
ChRemap_0060 = 1200 1201 1202 1203 1204 1205 1206 1207 1210 1211 1212 1213 1214 1215 1216 1217
ChRemap_0061 = 1220 1221 1222 1223 1224 1225 1226 1227 1230 1231 1232 1233 1234 1235 1236 1237
ChRemap_0062 = 1240 1241 1242 1243 1244 1245 1246 1247 1250 1251 1252 1253 1254 1255 1256 1257
ChRemap_0063 = 1260 1261 1262 1263 1264 1265 1266 1267 1270 1271 1272 1273 1274 1275 1276 1277
ChRemap_0064 = 1280 1281 1282 1283 1284 1285 1286 1287 1290 1291 1292 1293 1294 1295 1296 1297
ChRemap_0065 = 1300 1301 1302 1303 1304 1305 1306 1307 1310 1311 1312 1313 1314 1315 1316 1317
ChRemap_0066 = 1320 1321 1322 1323 1324 1325 1326 1327 1330 1331 1332 1333 1334 1335 1336 1337
ChRemap_0067 = 1340 1341 1342 1343 1344 1345 1346 1347 1350 1351 1352 1353 1354 1355 1356 1357
ChRemap_0068 = 1360 1361 1362 1363 1364 1365 1366 1367 1370 1371 1372 1373 1374 1375 1376 1377
ChRemap_0069 = 1380 1381 1382 1383 1384 1385 1386 1387 1390 1391 1392 1393 1394 1395 1396 1397
ChRemap_0070 = 1400 1401 1402 1403 1404 1405 1406 1407 1410 1411 1412 1413 1414 1415 1416 1417
ChRemap_0071 = 1420 1421 1422 1423 1424 1425 1426 1427 1430 1431 1432 1433 1434 1435 1436 1437
ChRemap_0072 = 1440 1441 1442 1443 1444 1445 1446 1447 1450 1451 1452 1453 1454 1455 1456 1457
ChRemap_0073 = 1460 1461 1462 1463 1464 1465 1466 1467 1470 1471 1472 1473 1474 1475 1476 1477
ChRemap_0074 = 1480 1481 1482 1483 1484 1485 1486 1487 1490 1491 1492 1493 1494 1495 1496 1497
ChRemap_0075 = 1500 1501 1502 1503 1504 1505 1506 1507 1510 1511 1512 1513 1514 1515 1516 1517
ChRemap_0076 = 1520 1521 1522 1523 1524 1525 1526 1527 1530 1531 1532 1533 1534 1535 1536 1537
ChRemap_0077 = 1540 1541 1542 1543 1544 1545 1546 1547 1550 1551 1552 1553 1554 1555 1556 1557
ChRemap_0078 = 1560 1561 1562 1563 1564 1565 1566 1567 1570 1571 1572 1573 1574 1575 1576 1577
ChRemap_0079 = 1580 1581 1582 1583 1584 1585 1586 1587 1590 1591 1592 1593 1594 1595 1596 1597
ChRemap_0080 = 1600 1601 1602 1603 1604 1605 1606 1607 1610 1611 1612 1613 1614 1615 1616 1617
ChRemap_0081 = 1620 1621 1622 1623 1624 1625 1626 1627 1630 1631 1632 1633 1634 1635 1636 1637
ChRemap_0082 = 1640 1641 1642 1643 1644 1645 1646 1647 1650 1651 1652 1653 1654 1655 1656 1657
ChRemap_0083 = 1660 1661 1662 1663 1664 1665 1666 1667 1670 1671 1672 1673 1674 1675 1676 1677
ChRemap_0084 = 1680 1681 1682 1683 1684 1685 1686 1687 1690 1691 1692 1693 1694 1695 1696 1697
ChRemap_0085 = 1700 1701 1702 1703 1704 1705 1706 1707 1710 1711 1712 1713 1714 1715 1716 1717
ChRemap_0086 = 1720 1721 1722 1723 1724 1725 1726 1727 1730 1731 1732 1733 1734 1735 1736 1737
ChRemap_0087 = 1740 1741 1742 1743 1744 1745 1746 1747 1750 1751 1752 1753 1754 1755 1756 1757
ChRemap_0088 = 1760 1761 1762 1763 1764 1765 1766 1767 1770 1771 1772 1773 1774 1775 1776 1777
ChRemap_0089 = 1780 1781 1782 1783 1784 1785 1786 1787 1790 1791 1792 1793 1794 1795 1796 1797
ChRemap_0090 = 1800 1801 1802 1803 1804 1805 1806 1807 1810 1811 1812 1813 1814 1815 1816 1817
ChRemap_0091 = 1820 1821 1822 1823 1824 1825 1826 1827 1830 1831 1832 1833 1834 1835 1836 1837
ChRemap_0092 = 1840 1841 1842 1843 1844 1845 1846 1847 1850 1851 1852 1853 1854 1855 1856 1857
ChRemap_0093 = 1860 1861 1862 1863 1864 1865 1866 1867 1870 1871 1872 1873 1874 1875 1876 1877
ChRemap_0094 = 1880 1881 1882 1883 1884 1885 1886 1887 1890 1891 1892 1893 1894 1895 1896 1897
ChRemap_0095 = 1900 1901 1902 1903 1904 1905 1906 1907 1910 1911 1912 1913 1914 1915 1916 1917
ChRemap_0096 = 1920 1921 1922 1923 1924 1925 1926 1927 1930 1931 1932 1933 1934 1935 1936 1937
ChRemap_0097 = 1940 1941 1942 1943 1944 1945 1946 1947 1950 1951 1952 1953 1954 1955 1956 1957
ChRemap_0098 = 1960 1961 1962 1963 1964 1965 1966 1967 1970 1971 1972 1973 1974 1975 1976 1977
ChRemap_0099 = 1980 1981 1982 1983 1984 1985 1986 1987 1990 1991 1992 1993 1994 1995 1996 1997
ChRemap_0100 = 2000 2001 2002 2003 2004 2005 2006 2007 2010 2011 2012 2013 2014 2015 2016 2017
ChRemap_0101 = 2020 2021 2022 2023 2024 2025 2026 2027 2030 2031 2032 2033 2034 2035 2036 2037
ChRemap_0102 = 2040 2041 2042 2043 2044 2045 2046 2047 2050 2051 2052 2053 2054 2055 2056 2057
ChRemap_0103 = 2060 2061 2062 2063 2064 2065 2066 2067 2070 2071 2072 2073 2074 2075 2076 2077
ChRemap_0104 = 2080 2081 2082 2083 2084 2085 2086 2087 2090 2091 2092 2093 2094 2095 2096 2097
ChRemap_0105 = 2100 2101 2102 2103 2104 2105 2106 2107 2110 2111 2112 2113 2114 2115 2116 2117
ChRemap_0106 = 2120 2121 2122 2123 2124 2125 2126 2127 2130 2131 2132 2133 2134 2135 2136 2137
ChRemap_0107 = 2140 2141 2142 2143 2144 2145 2146 2147 2150 2151 2152 2153 2154 2155 2156 2157
ChRemap_0108 = 2160 2161 2162 2163 2164 2165 2166 2167 2170 2171 2172 2173 2174 2175 2176 2177
ChRemap_0109 = 2180 2181 2182 2183 2184 2185 2186 2187 2190 2191 2192 2193 2194 2195 2196 2197
ChRemap_0110 = 2200 2201 2202 2203 2204 2205 2206 2207 2210 2211 2212 2213 2214 2215 2216 2217
ChRemap_0111 = 2220 2221 2222 2223 2224 2225 2226 2227 2230 2231 2232 2233 2234 2235 2236 2237
ChRemap_0112 = 2240 2241 2242 2243 2244 2245 2246 2247 2250 2251 2252 2253 2254 2255 2256 2257
ChRemap_0113 = 2260 2261 2262 2263 2264 2265 2266 2267 2270 2271 2272 2273 2274 2275 2276 2277
ChRemap_0114 = 2280 2281 2282 2283 2284 2285 2286 2287 2290 2291 2292 2293 2294 2295 2296 2297
ChRemap_0115 = 2300 2301 2302 2303 2304 2305 2306 2307 2310 2311 2312 2313 2314 2315 2316 2317
ChRemap_0116 = 2320 2321 2322 2323 2324 2325 2326 2327 2330 2331 2332 2333 2334 2335 2336 2337
ChRemap_0117 = 2340 2341 2342 2343 2344 2345 2346 2347 2350 2351 2352 2353 2354 2355 2356 2357
ChRemap_0118 = 2360 2361 2362 2363 2364 2365 2366 2367 2370 2371 2372 2373 2374 2375 2376 2377
ChRemap_0119 = 2380 2381 2382 2383 2384 2385 2386 2387 2390 2391 2392 2393 2394 2395 2396 2397
ChRemap_0120 = 2400 2401 2402 2403 2404 2405 2406 2407 2410 2411 2412 2413 2414 2415 2416 2417
ChRemap_0121 = 2420 2421 2422 2423 2424 2425 2426 2427 2430 2431 2432 2433 2434 2435 2436 2437
ChRemap_0122 = 2440 2441 2442 2443 2444 2445 2446 2447 2450 2451 2452 2453 2454 2455 2456 2457
ChRemap_0123 = 2460 2461 2462 2463 2464 2465 2466 2467 2470 2471 2472 2473 2474 2475 2476 2477
ChRemap_0124 = 2480 2481 2482 2483 2484 2485 2486 2487 2490 2491 2492 2493 2494 2495 2496 2497
ChRemap_0125 = 2500 2501 2502 2503 2504 2505 2506 2507 2510 2511 2512 2513 2514 2515 2516 2517
ChRemap_0126 = 2520 2521 2522 2523 2524 2525 2526 2527 2530 2531 2532 2533 2534 2535 2536 2537
ChRemap_0127 = 2540 2541 2542 2543 2544 2545 2546 2547 2550 2551 2552 2553 2554 2555 2556 2557
ChRemap_0128 = 2560 2561 2562 2563 2564 2565 2566 2567 2570 2571 2572 2573 2574 2575 2576 2577
ChRemap_0129 = 2580 2581 2582 2583 2584 2585 2586 2587 2590 2591 2592 2593 2594 2595 2596 2597
ChRemap_0130 = 2600 2601 2602 2603 2604 2605 2606 2607 2610 2611 2612 2613 2614 2615 2616 2617
ChRemap_0131 = 2620 2621 2622 2623 2624 2625 2626 2627 2630 2631 2632 2633 2634 2635 2636 2637
ChRemap_0132 = 2640 2641 2642 2643 2644 2645 2646 2647 2650 2651 2652 2653 2654 2655 2656 2657
ChRemap_0133 = 2660 2661 2662 2663 2664 2665 2666 2667 2670 2671 2672 2673 2674 2675 2676 2677
ChRemap_0134 = 2680 2681 2682 2683 2684 2685 2686 2687 2690 2691 2692 2693 2694 2695 2696 2697
ChRemap_0135 = 2700 2701 2702 2703 2704 2705 2706 2707 2710 2711 2712 2713 2714 2715 2716 2717
ChRemap_0136 = 2720 2721 2722 2723 2724 2725 2726 2727 2730 2731 2732 2733 2734 2735 2736 2737
ChRemap_0137 = 2740 2741 2742 2743 2744 2745 2746 2747 2750 2751 2752 2753 2754 2755 2756 2757
ChRemap_0138 = 2760 2761 2762 2763 2764 2765 2766 2767 2770 2771 2772 2773 2774 2775 2776 2777
ChRemap_0139 = 2780 2781 2782 2783 2784 2785 2786 2787 2790 2791 2792 2793 2794 2795 2796 2797
ChRemap_0140 = 2800 2801 2802 2803 2804 2805 2806 2807 2810 2811 2812 2813 2814 2815 2816 2817
ChRemap_0141 = 2820 2821 2822 2823 2824 2825 2826 2827 2830 2831 2832 2833 2834 2835 2836 2837
ChRemap_0142 = 2840 2841 2842 2843 2844 2845 2846 2847 2850 2851 2852 2853 2854 2855 2856 2857
ChRemap_0143 = 2860 2861 2862 2863 2864 2865 2866 2867 2870 2871 2872 2873 2874 2875 2876 2877
ChRemap_0144 = 2880 2881 2882 2883 2884 2885 2886 2887 2890 2891 2892 2893 2894 2895 2896 2897
ChRemap_0145 = 2900 2901 2902 2903 2904 2905 2906 2907 2910 2911 2912 2913 2914 2915 2916 2917
ChRemap_0146 = 2920 2921 2922 2923 2924 2925 2926 2927 2930 2931 2932 2933 2934 2935 2936 2937
ChRemap_0147 = 2940 2941 2942 2943 2944 2945 2946 2947 2950 2951 2952 2953 2954 2955 2956 2957
ChRemap_0148 = 2960 2961 2962 2963 2964 2965 2966 2967 2970 2971 2972 2973 2974 2975 2976 2977
ChRemap_0149 = 2980 2981 2982 2983 2984 2985 2986 2987 2990 2991 2992 2993 2994 2995 2996 2997
ChRemap_0150 = 3000 3001 3002 3003 3004 3005 3006 3007 3010 3011 3012 3013 3014 3015 3016 3017
ChRemap_0151 = 3020 3021 3022 3023 3024 3025 3026 3027 3030 3031 3032 3033 3034 3035 3036 3037
ChRemap_0152 = 3040 3041 3042 3043 3044 3045 3046 3047 3050 3051 3052 3053 3054 3055 3056 3057
ChRemap_0153 = 3060 3061 3062 3063 3064 3065 3066 3067 3070 3071 3072 3073 3074 3075 3076 3077
ChRemap_0154 = 3080 3081 3082 3083 3084 3085 3086 3087 3090 3091 3092 3093 3094 3095 3096 3097
ChRemap_0155 = 3100 3101 3102 3103 3104 3105 3106 3107 3110 3111 3112 3113 3114 3115 3116 3117
ChRemap_0156 = 3120 3121 3122 3123 3124 3125 3126 3127 3130 3131 3132 3133 3134 3135 3136 3137
ChRemap_0157 = 3140 3141 3142 3143 3144 3145 3146 3147 3150 3151 3152 3153 3154 3155 3156 3157
ChRemap_0158 = 3160 3161 3162 3163 3164 3165 3166 3167 3170 3171 3172 3173 3174 3175 3176 3177
ChRemap_0159 = 3180 3181 3182 3183 3184 3185 3186 3187 3190 3191 3192 3193 3194 3195 3196 3197
ChRemap_0160 = 3200 3201 3202 3203 3204 3205 3206 3207 3210 3211 3212 3213 3214 3215 3216 3217
ChRemap_0161 = 3220 3221 3222 3223 3224 3225 3226 3227 3230 3231 3232 3233 3234 3235 3236 3237
ChRemap_0162 = 3240 3241 3242 3243 3244 3245 3246 3247 3250 3251 3252 3253 3254 3255 3256 3257
ChRemap_0163 = 3260 3261 3262 3263 3264 3265 3266 3267 3270 3271 3272 3273 3274 3275 3276 3277
ChRemap_0164 = 3280 3281 3282 3283 3284 3285 3286 3287 3290 3291 3292 3293 3294 3295 3296 3297
ChRemap_0165 = 3300 3301 3302 3303 3304 3305 3306 3307 3310 3311 3312 3313 3314 3315 3316 3317
ChRemap_0166 = 3320 3321 3322 3323 3324 3325 3326 3327 3330 3331 3332 3333 3334 3335 3336 3337
ChRemap_0167 = 3340 3341 3342 3343 3344 3345 3346 3347 3350 3351 3352 3353 3354 3355 3356 3357
ChRemap_0168 = 3360 3361 3362 3363 3364 3365 3366 3367 3370 3371 3372 3373 3374 3375 3376 3377
ChRemap_0169 = 3380 3381 3382 3383 3384 3385 3386 3387 3390 3391 3392 3393 3394 3395 3396 3397
ChRemap_0170 = 3400 3401 3402 3403 3404 3405 3406 3407 3410 3411 3412 3413 3414 3415 3416 3417
ChRemap_0171 = 3420 3421 3422 3423 3424 3425 3426 3427 3430 3431 3432 3433 3434 3435 3436 3437
ChRemap_0172 = 3440 3441 3442 3443 3444 3445 3446 3447 3450 3451 3452 3453 3454 3455 3456 3457
ChRemap_0173 = 3460 3461 3462 3463 3464 3465 3466 3467 3470 3471 3472 3473 3474 3475 3476 3477
ChRemap_0174 = 3480 3481 3482 3483 3484 3485 3486 3487 3490 3491 3492 3493 3494 3495 3496 3497
ChRemap_0175 = 3500 3501 3502 3503 3504 3505 3506 3507 3510 3511 3512 3513 3514 3515 3516 3517
ChRemap_0176 = 3520 3521 3522 3523 3524 3525 3526 3527 3530 3531 3532 3533 3534 3535 3536 3537
ChRemap_0177 = 3540 3541 3542 3543 3544 3545 3546 3547 3550 3551 3552 3553 3554 3555 3556 3557
ChRemap_0178 = 3560 3561 3562 3563 3564 3565 3566 3567 3570 3571 3572 3573 3574 3575 3576 3577
ChRemap_0179 = 3580 3581 3582 3583 3584 3585 3586 3587 3590 3591 3592 3593 3594 3595 3596 3597
ChRemap_0180 = 3600 3601 3602 3603 3604 3605 3606 3607 3610 3611 3612 3613 3614 3615 3616 3617
ChRemap_0181 = 3620 3621 3622 3623 3624 3625 3626 3627 3630 3631 3632 3633 3634 3635 3636 3637
ChRemap_0182 = 3640 3641 3642 3643 3644 3645 3646 3647 3650 3651 3652 3653 3654 3655 3656 3657
ChRemap_0183 = 3660 3661 3662 3663 3664 3665 3666 3667 3670 3671 3672 3673 3674 3675 3676 3677
ChRemap_0184 = 3680 3681 3682 3683 3684 3685 3686 3687 3690 3691 3692 3693 3694 3695 3696 3697
ChRemap_0185 = 3700 3701 3702 3703 3704 3705 3706 3707 3710 3711 3712 3713 3714 3715 3716 3717
ChRemap_0186 = 3720 3721 3722 3723 3724 3725 3726 3727 3730 3731 3732 3733 3734 3735 3736 3737
ChRemap_0187 = 3740 3741 3742 3743 3744 3745 3746 3747 3750 3751 3752 3753 3754 3755 3756 3757
ChRemap_0188 = 3760 3761 3762 3763 3764 3765 3766 3767 3770 3771 3772 3773 3774 3775 3776 3777
ChRemap_0189 = 3780 3781 3782 3783 3784 3785 3786 3787 3790 3791 3792 3793 3794 3795 3796 3797
ChRemap_0190 = 3800 3801 3802 3803 3804 3805 3806 3807 3810 3811 3812 3813 3814 3815 3816 3817
ChRemap_0191 = 3820 3821 3822 3823 3824 3825 3826 3827 3830 3831 3832 3833 3834 3835 3836 3837
ChRemap_0192 = 3840 3841 3842 3843 3844 3845 3846 3847 3850 3851 3852 3853 3854 3855 3856 3857
ChRemap_0193 = 3860 3861 3862 3863 3864 3865 3866 3867 3870 3871 3872 3873 3874 3875 3876 3877
ChRemap_0194 = 3880 3881 3882 3883 3884 3885 3886 3887 3890 3891 3892 3893 3894 3895 3896 3897
ChRemap_0195 = 3900 3901 3902 3903 3904 3905 3906 3907 3910 3911 3912 3913 3914 3915 3916 3917
ChRemap_0196 = 3920 3921 3922 3923 3924 3925 3926 3927 3930 3931 3932 3933 3934 3935 3936 3937
ChRemap_0197 = 3940 3941 3942 3943 3944 3945 3946 3947 3950 3951 3952 3953 3954 3955 3956 3957
ChRemap_0198 = 3960 3961 3962 3963 3964 3965 3966 3967 3970 3971 3972 3973 3974 3975 3976 3977
ChRemap_0199 = 3980 3981 3982 3983 3984 3985 3986 3987 3990 3991 3992 3993 3994 3995 3996 3997
ChRemap_0200 = 4000 4001 4002 4003 4004 4005 4006 4007 4010 4011 4012 4013 4014 4015 4016 4017
ChRemap_0201 = 4020 4021 4022 4023 4024 4025 4026 4027 4030 4031 4032 4033 4034 4035 4036 4037
ChRemap_0202 = 4040 4041 4042 4043 4044 4045 4046 4047 4050 4051 4052 4053 4054 4055 4056 4057
ChRemap_0203 = 4060 4061 4062 4063 4064 4065 4066 4067 4070 4071 4072 4073 4074 4075 4076 4077
ChRemap_0204 = 4080 4081 4082 4083 4084 4085 4086 4087 4090 4091 4092 4093 4094 4095 4096 4097
ChRemap_0205 = 4100 4101 4102 4103 4104 4105 4106 4107 4110 4111 4112 4113 4114 4115 4116 4117
ChRemap_0206 = 4120 4121 4122 4123 4124 4125 4126 4127 4130 4131 4132 4133 4134 4135 4136 4137
ChRemap_0207 = 4140 4141 4142 4143 4144 4145 4146 4147 4150 4151 4152 4153 4154 4155 4156 4157
ChRemap_0208 = 4160 4161 4162 4163 4164 4165 4166 4167 4170 4171 4172 4173 4174 4175 4176 4177
ChRemap_0209 = 4180 4181 4182 4183 4184 4185 4186 4187 4190 4191 4192 4193 4194 4195 4196 4197
ChRemap_0210 = 4200 4201 4202 4203 4204 4205 4206 4207 4210 4211 4212 4213 4214 4215 4216 4217
ChRemap_0211 = 4220 4221 4222 4223 4224 4225 4226 4227 4230 4231 4232 4233 4234 4235 4236 4237
ChRemap_0212 = 4240 4241 4242 4243 4244 4245 4246 4247 4250 4251 4252 4253 4254 4255 4256 4257
ChRemap_0213 = 4260 4261 4262 4263 4264 4265 4266 4267 4270 4271 4272 4273 4274 4275 4276 4277
ChRemap_0214 = 4280 4281 4282 4283 4284 4285 4286 4287 4290 4291 4292 4293 4294 4295 4296 4297
ChRemap_0215 = 4300 4301 4302 4303 4304 4305 4306 4307 4310 4311 4312 4313 4314 4315 4316 4317
ChRemap_0216 = 4320 4321 4322 4323 4324 4325 4326 4327 4330 4331 4332 4333 4334 4335 4336 4337
ChRemap_0217 = 4340 4341 4342 4343 4344 4345 4346 4347 4350 4351 4352 4353 4354 4355 4356 4357
ChRemap_0218 = 4360 4361 4362 4363 4364 4365 4366 4367 4370 4371 4372 4373 4374 4375 4376 4377
ChRemap_0219 = 4380 4381 4382 4383 4384 4385 4386 4387 4390 4391 4392 4393 4394 4395 4396 4397
ChRemap_0220 = 4400 4401 4402 4403 4404 4405 4406 4407 4410 4411 4412 4413 4414 4415 4416 4417
ChRemap_0221 = 4420 4421 4422 4423 4424 4425 4426 4427 4430 4431 4432 4433 4434 4435 4436 4437
ChRemap_0222 = 4440 4441 4442 4443 4444 4445 4446 4447 4450 4451 4452 4453 4454 4455 4456 4457
ChRemap_0223 = 4460 4461 4462 4463 4464 4465 4466 4467 4470 4471 4472 4473 4474 4475 4476 4477
ChRemap_0224 = 4480 4481 4482 4483 4484 4485 4486 4487 4490 4491 4492 4493 4494 4495 4496 4497
ChRemap_0225 = 4500 4501 4502 4503 4504 4505 4506 4507 4510 4511 4512 4513 4514 4515 4516 4517
ChRemap_0226 = 4520 4521 4522 4523 4524 4525 4526 4527 4530 4531 4532 4533 4534 4535 4536 4537
ChRemap_0227 = 4540 4541 4542 4543 4544 4545 4546 4547 4550 4551 4552 4553 4554 4555 4556 4557
ChRemap_0228 = 4560 4561 4562 4563 4564 4565 4566 4567 4570 4571 4572 4573 4574 4575 4576 4577
ChRemap_0229 = 4580 4581 4582 4583 4584 4585 4586 4587 4590 4591 4592 4593 4594 4595 4596 4597
ChRemap_0230 = 4600 4601 4602 4603 4604 4605 4606 4607 4610 4611 4612 4613 4614 4615 4616 4617
ChRemap_0231 = 4620 4621 4622 4623 4624 4625 4626 4627 4630 4631 4632 4633 4634 4635 4636 4637
ChRemap_0232 = 4640 4641 4642 4643 4644 4645 4646 4647 4650 4651 4652 4653 4654 4655 4656 4657
ChRemap_0233 = 4660 4661 4662 4663 4664 4665 4666 4667 4670 4671 4672 4673 4674 4675 4676 4677
ChRemap_0234 = 4680 4681 4682 4683 4684 4685 4686 4687 4690 4691 4692 4693 4694 4695 4696 4697
ChRemap_0235 = 4700 4701 4702 4703 4704 4705 4706 4707 4710 4711 4712 4713 4714 4715 4716 4717
ChRemap_0236 = 4720 4721 4722 4723 4724 4725 4726 4727 4730 4731 4732 4733 4734 4735 4736 4737
ChRemap_0237 = 4740 4741 4742 4743 4744 4745 4746 4747 4750 4751 4752 4753 4754 4755 4756 4757
ChRemap_0238 = 4760 4761 4762 4763 4764 4765 4766 4767 4770 4771 4772 4773 4774 4775 4776 4777
ChRemap_0239 = 4780 4781 4782 4783 4784 4785 4786 4787 4790 4791 4792 4793 4794 4795 4796 4797
ChRemap_0240 = 4800 4801 4802 4803 4804 4805 4806 4807 4810 4811 4812 4813 4814 4815 4816 4817
ChRemap_0241 = 4820 4821 4822 4823 4824 4825 4826 4827 4830 4831 4832 4833 4834 4835 4836 4837
ChRemap_0242 = 4840 4841 4842 4843 4844 4845 4846 4847 4850 4851 4852 4853 4854 4855 4856 4857
ChRemap_0243 = 4860 4861 4862 4863 4864 4865 4866 4867 4870 4871 4872 4873 4874 4875 4876 4877
ChRemap_0244 = 4880 4881 4882 4883 4884 4885 4886 4887 4890 4891 4892 4893 4894 4895 4896 4897
ChRemap_0245 = 4900 4901 4902 4903 4904 4905 4906 4907 4910 4911 4912 4913 4914 4915 4916 4917
ChRemap_0246 = 4920 4921 4922 4923 4924 4925 4926 4927 4930 4931 4932 4933 4934 4935 4936 4937
ChRemap_0247 = 4940 4941 4942 4943 4944 4945 4946 4947 4950 4951 4952 4953 4954 4955 4956 4957
ChRemap_0248 = 4960 4961 4962 4963 4964 4965 4966 4967 4970 4971 4972 4973 4974 4975 4976 4977
ChRemap_0249 = 4980 4981 4982 4983 4984 4985 4986 4987 4990 4991 4992 4993 4994 4995 4996 4997
ChRemap_0250 = 5000 5001 5002 5003 5004 5005 5006 5007 5010 5011 5012 5013 5014 5015 5016 5017
ChRemap_0251 = 5020 5021 5022 5023 5024 5025 5026 5027 5030 5031 5032 5033 5034 5035 5036 5037
ChRemap_0252 = 5040 5041 5042 5043 5044 5045 5046 5047 5050 5051 5052 5053 5054 5055 5056 5057
ChRemap_0253 = 5060 5061 5062 5063 5064 5065 5066 5067 5070 5071 5072 5073 5074 5075 5076 5077
ChRemap_0254 = 5080 5081 5082 5083 5084 5085 5086 5087 5090 5091 5092 5093 5094 5095 5096 5097
ChRemap_0255 = 5100 5101 5102 5103 5104 5105 5106 5107 5110 5111 5112 5113 5114 5115 5116 5117
ChRemap_0256 = 5120 5121 5122 5123 5124 5125 5126 5127 5130 5131 5132 5133 5134 5135 5136 5137
ChRemap_0257 = 5140 5141 5142 5143 5144 5145 5146 5147 5150 5151 5152 5153 5154 5155 5156 5157
ChRemap_0258 = 5160 5161 5162 5163 5164 5165 5166 5167 5170 5171 5172 5173 5174 5175 5176 5177
ChRemap_0259 = 5180 5181 5182 5183 5184 5185 5186 5187 10000 10001 10002 10003 10004 10005 10006 10007
ChRemap_0260 = 10010 10011 10012 10013 10014 10015 10016 10017 10020 10021 10022 10023 10024 10025 10026 10027
ChRemap_0261 = 10030 10031 10032 10033 10034 10035 10036 10037 10040 10041 10042 10043 10044 10045 10046 10047
ChRemap_0262 = 10050 10051 10052 10053 10054 10055 10056 10057 10060 10061 10062 10063 10064 10065 10066 10067
ChRemap_0263 = 10070 10071 10072 10073 10074 10075 10076 10077 10080 10081 10082 10083 10084 10085 10086 10087
ChRemap_0264 = 10090 10091 10092 10093 10094 10095 10096 10097 10100 10101 10102 10103 10104 10105 10106 10107
ChRemap_0265 = 10110 10111 10112 10113 10114 10115 10116 10117 10120 10121 10122 10123 10124 10125 10126 10127
ChRemap_0266 = 10130 10131 10132 10133 10134 10135 10136 10137 10140 10141 10142 10143 10144 10145 10146 10147
ChRemap_0267 = 10150 10151 10152 10153 10154 10155 10156 10157 10160 10161 10162 10163 10164 10165 10166 10167
ChRemap_0268 = 10170 10171 10172 10173 10174 10175 10176 10177 10180 10181 10182 10183 10184 10185 10186 10187
ChRemap_0269 = 10190 10191 10192 10193 10194 10195 10196 10197 10200 10201 10202 10203 10204 10205 10206 10207
ChRemap_0270 = 10210 10211 10212 10213 10214 10215 10216 10217 10220 10221 10222 10223 10224 10225 10226 10227
ChRemap_0271 = 10230 10231 10232 10233 10234 10235 10236 10237 10240 10241 10242 10243 10244 10245 10246 10247
ChRemap_0272 = 10250 10251 10252 10253 10254 10255 10256 10257 10260 10261 10262 10263 10264 10265 10266 10267
ChRemap_0273 = 10270 10271 10272 10273 10274 10275 10276 10277 10280 10281 10282 10283 10284 10285 10286 10287
ChRemap_0274 = 10290 10291 10292 10293 10294 10295 10296 10297 10300 10301 10302 10303 10304 10305 10306 10307
ChRemap_0275 = 10310 10311 10312 10313 10314 10315 10316 10317 10320 10321 10322 10323 10324 10325 10326 10327
ChRemap_0276 = 10330 10331 10332 10333 10334 10335 10336 10337 10340 10341 10342 10343 10344 10345 10346 10347
ChRemap_0277 = 10350 10351 10352 10353 10354 10355 10356 10357 10360 10361 10362 10363 10364 10365 10366 10367
ChRemap_0278 = 10370 10371 10372 10373 10374 10375 10376 10377 10380 10381 10382 10383 10384 10385 10386 10387
ChRemap_0279 = 10390 10391 10392 10393 10394 10395 10396 10397 10400 10401 10402 10403 10404 10405 10406 10407
ChRemap_0280 = 10410 10411 10412 10413 10414 10415 10416 10417 10420 10421 10422 10423 10424 10425 10426 10427
ChRemap_0281 = 10430 10431 10432 10433 10434 10435 10436 10437 10440 10441 10442 10443 10444 10445 10446 10447
ChRemap_0282 = 10450 10451 10452 10453 10454 10455 10456 10457 10460 10461 10462 10463 10464 10465 10466 10467
ChRemap_0283 = 10470 10471 10472 10473 10474 10475 10476 10477 10480 10481 10482 10483 10484 10485 10486 10487
ChRemap_0284 = 10490 10491 10492 10493 10494 10495 10496 10497 10500 10501 10502 10503 10504 10505 10506 10507
ChRemap_0285 = 10510 10511 10512 10513 10514 10515 10516 10517 10520 10521 10522 10523 10524 10525 10526 10527
ChRemap_0286 = 10530 10531 10532 10533 10534 10535 10536 10537 10540 10541 10542 10543 10544 10545 10546 10547
ChRemap_0287 = 10550 10551 10552 10553 10554 10555 10556 10557 10560 10561 10562 10563 10564 10565 10566 10567
ChRemap_0288 = 10570 10571 10572 10573 10574 10575 10576 10577 10580 10581 10582 10583 10584 10585 10586 10587
ChRemap_0289 = 10590 10591 10592 10593 10594 10595 10596 10597 10600 10601 10602 10603 10604 10605 10606 10607
ChRemap_0290 = 10610 10611 10612 10613 10614 10615 10616 10617 10620 10621 10622 10623 10624 10625 10626 10627
ChRemap_0291 = 10630 10631 10632 10633 10634 10635 10636 10637 10640 10641 10642 10643 10644 10645 10646 10647
ChRemap_0292 = 10650 10651 10652 10653 10654 10655 10656 10657 10660 10661 10662 10663 10664 10665 10666 10667
ChRemap_0293 = 10670 10671 10672 10673 10674 10675 10676 10677 10680 10681 10682 10683 10684 10685 10686 10687
ChRemap_0294 = 10690 10691 10692 10693 10694 10695 10696 10697 10700 10701 10702 10703 10704 10705 10706 10707
ChRemap_0295 = 10710 10711 10712 10713 10714 10715 10716 10717 10720 10721 10722 10723 10724 10725 10726 10727
ChRemap_0296 = 10730 10731 10732 10733 10734 10735 10736 10737 10740 10741 10742 10743 10744 10745 10746 10747
ChRemap_0297 = 10750 10751 10752 10753 10754 10755 10756 10757 10760 10761 10762 10763 10764 10765 10766 10767
ChRemap_0298 = 10770 10771 10772 10773 10774 10775 10776 10777 10780 10781 10782 10783 10784 10785 10786 10787
ChRemap_0299 = 10790 10791 10792 10793 10794 10795 10796 10797 10800 10801 10802 10803 10804 10805 10806 10807
ChRemap_0300 = 10810 10811 10812 10813 10814 10815 10816 10817 10820 10821 10822 10823 10824 10825 10826 10827
ChRemap_0301 = 10830 10831 10832 10833 10834 10835 10836 10837 10840 10841 10842 10843 10844 10845 10846 10847
ChRemap_0302 = 10850 10851 10852 10853 10854 10855 10856 10857 10860 10861 10862 10863 10864 10865 10866 10867
ChRemap_0303 = 10870 10871 10872 10873 10874 10875 10876 10877 10880 10881 10882 10883 10884 10885 10886 10887
ChRemap_0304 = 10890 10891 10892 10893 10894 10895 10896 10897 10900 10901 10902 10903 10904 10905 10906 10907
ChRemap_0305 = 10910 10911 10912 10913 10914 10915 10916 10917 10920 10921 10922 10923 10924 10925 10926 10927
ChRemap_0306 = 10930 10931 10932 10933 10934 10935 10936 10937 10940 10941 10942 10943 10944 10945 10946 10947
ChRemap_0307 = 10950 10951 10952 10953 10954 10955 10956 10957 10960 10961 10962 10963 10964 10965 10966 10967
ChRemap_0308 = 10970 10971 10972 10973 10974 10975 10976 10977 10980 10981 10982 10983 10984 10985 10986 10987
ChRemap_0309 = 10990 10991 10992 10993 10994 10995 10996 10997 11000 11001 11002 11003 11004 11005 11006 11007
ChRemap_0310 = 11010 11011 11012 11013 11014 11015 11016 11017 11020 11021 11022 11023 11024 11025 11026 11027
ChRemap_0311 = 11030 11031 11032 11033 11034 11035 11036 11037 11040 11041 11042 11043 11044 11045 11046 11047
ChRemap_0312 = 11050 11051 11052 11053 11054 11055 11056 11057 11060 11061 11062 11063 11064 11065 11066 11067
ChRemap_0313 = 11070 11071 11072 11073 11074 11075 11076 11077 11080 11081 11082 11083 11084 11085 11086 11087
ChRemap_0314 = 11090 11091 11092 11093 11094 11095 11096 11097 11100 11101 11102 11103 11104 11105 11106 11107
ChRemap_0315 = 11110 11111 11112 11113 11114 11115 11116 11117 11120 11121 11122 11123 11124 11125 11126 11127
ChRemap_0316 = 11130 11131 11132 11133 11134 11135 11136 11137 11140 11141 11142 11143 11144 11145 11146 11147
ChRemap_0317 = 11150 11151 11152 11153 11154 11155 11156 11157 11160 11161 11162 11163 11164 11165 11166 11167
ChRemap_0318 = 11170 11171 11172 11173 11174 11175 11176 11177 11180 11181 11182 11183 11184 11185 11186 11187
ChRemap_0319 = 11190 11191 11192 11193 11194 11195 11196 11197 11200 11201 11202 11203 11204 11205 11206 11207
ChRemap_0320 = 11210 11211 11212 11213 11214 11215 11216 11217 11220 11221 11222 11223 11224 11225 11226 11227
ChRemap_0321 = 11230 11231 11232 11233 11234 11235 11236 11237 11240 11241 11242 11243 11244 11245 11246 11247
ChRemap_0322 = 11250 11251 11252 11253 11254 11255 11256 11257 11260 11261 11262 11263 11264 11265 11266 11267
ChRemap_0323 = 11270 11271 11272 11273 11274 11275 11276 11277 11280 11281 11282 11283 11284 11285 11286 11287
ChRemap_0324 = 11290 11291 11292 11293 11294 11295 11296 11297 11300 11301 11302 11303 11304 11305 11306 11307
ChRemap_0325 = 11310 11311 11312 11313 11314 11315 11316 11317 11320 11321 11322 11323 11324 11325 11326 11327
ChRemap_0326 = 11330 11331 11332 11333 11334 11335 11336 11337 11340 11341 11342 11343 11344 11345 11346 11347
ChRemap_0327 = 11350 11351 11352 11353 11354 11355 11356 11357 11360 11361 11362 11363 11364 11365 11366 11367
ChRemap_0328 = 11370 11371 11372 11373 11374 11375 11376 11377 11380 11381 11382 11383 11384 11385 11386 11387
ChRemap_0329 = 11390 11391 11392 11393 11394 11395 11396 11397 11400 11401 11402 11403 11404 11405 11406 11407
ChRemap_0330 = 11410 11411 11412 11413 11414 11415 11416 11417 11420 11421 11422 11423 11424 11425 11426 11427
ChRemap_0331 = 11430 11431 11432 11433 11434 11435 11436 11437 11440 11441 11442 11443 11444 11445 11446 11447
ChRemap_0332 = 11450 11451 11452 11453 11454 11455 11456 11457 11460 11461 11462 11463 11464 11465 11466 11467
ChRemap_0333 = 11470 11471 11472 11473 11474 11475 11476 11477 11480 11481 11482 11483 11484 11485 11486 11487
ChRemap_0334 = 11490 11491 11492 11493 11494 11495 11496 11497 11500 11501 11502 11503 11504 11505 11506 11507
ChRemap_0335 = 11510 11511 11512 11513 11514 11515 11516 11517 11520 11521 11522 11523 11524 11525 11526 11527
ChRemap_0336 = 11530 11531 11532 11533 11534 11535 11536 11537 11540 11541 11542 11543 11544 11545 11546 11547
ChRemap_0337 = 11550 11551 11552 11553 11554 11555 11556 11557 11560 11561 11562 11563 11564 11565 11566 11567
ChRemap_0338 = 11570 11571 11572 11573 11574 11575 11576 11577 11580 11581 11582 11583 11584 11585 11586 11587
ChRemap_0339 = 11590 11591 11592 11593 11594 11595 11596 11597 11600 11601 11602 11603 11604 11605 11606 11607
ChRemap_0340 = 11610 11611 11612 11613 11614 11615 11616 11617 11620 11621 11622 11623 11624 11625 11626 11627
ChRemap_0341 = 11630 11631 11632 11633 11634 11635 11636 11637 11640 11641 11642 11643 11644 11645 11646 11647
ChRemap_0342 = 11650 11651 11652 11653 11654 11655 11656 11657 11660 11661 11662 11663 11664 11665 11666 11667
ChRemap_0343 = 11670 11671 11672 11673 11674 11675 11676 11677 11680 11681 11682 11683 11684 11685 11686 11687
ChRemap_0344 = 11690 11691 11692 11693 11694 11695 11696 11697 11700 11701 11702 11703 11704 11705 11706 11707
ChRemap_0345 = 11710 11711 11712 11713 11714 11715 11716 11717 11720 11721 11722 11723 11724 11725 11726 11727
ChRemap_0346 = 11730 11731 11732 11733 11734 11735 11736 11737 11740 11741 11742 11743 11744 11745 11746 11747
ChRemap_0347 = 11750 11751 11752 11753 11754 11755 11756 11757 11760 11761 11762 11763 11764 11765 11766 11767
ChRemap_0348 = 11770 11771 11772 11773 11774 11775 11776 11777 11780 11781 11782 11783 11784 11785 11786 11787
ChRemap_0349 = 11790 11791 11792 11793 11794 11795 11796 11797 11800 11801 11802 11803 11804 11805 11806 11807
ChRemap_0350 = 11810 11811 11812 11813 11814 11815 11816 11817 11820 11821 11822 11823 11824 11825 11826 11827
ChRemap_0351 = 11830 11831 11832 11833 11834 11835 11836 11837 11840 11841 11842 11843 11844 11845 11846 11847
ChRemap_0352 = 11850 11851 11852 11853 11854 11855 11856 11857 11860 11861 11862 11863 11864 11865 11866 11867
ChRemap_0353 = 11870 11871 11872 11873 11874 11875 11876 11877 11880 11881 11882 11883 11884 11885 11886 11887
ChRemap_0354 = 11890 11891 11892 11893 11894 11895 11896 11897 11900 11901 11902 11903 11904 11905 11906 11907
ChRemap_0355 = 11910 11911 11912 11913 11914 11915 11916 11917 11920 11921 11922 11923 11924 11925 11926 11927
ChRemap_0356 = 11930 11931 11932 11933 11934 11935 11936 11937 11940 11941 11942 11943 11944 11945 11946 11947
ChRemap_0357 = 11950 11951 11952 11953 11954 11955 11956 11957 11960 11961 11962 11963 11964 11965 11966 11967
ChRemap_0358 = 11970 11971 11972 11973 11974 11975 11976 11977 11980 11981 11982 11983 11984 11985 11986 11987
ChRemap_0359 = 11990 11991 11992 11993 11994 11995 11996 11997 12000 12001 12002 12003 12004 12005 12006 12007
ChRemap_0360 = 12010 12011 12012 12013 12014 12015 12016 12017 12020 12021 12022 12023 12024 12025 12026 12027
ChRemap_0361 = 12030 12031 12032 12033 12034 12035 12036 12037 12040 12041 12042 12043 12044 12045 12046 12047
ChRemap_0362 = 12050 12051 12052 12053 12054 12055 12056 12057 12060 12061 12062 12063 12064 12065 12066 12067
ChRemap_0363 = 12070 12071 12072 12073 12074 12075 12076 12077 12080 12081 12082 12083 12084 12085 12086 12087
ChRemap_0364 = 12090 12091 12092 12093 12094 12095 12096 12097 12100 12101 12102 12103 12104 12105 12106 12107
ChRemap_0365 = 12110 12111 12112 12113 12114 12115 12116 12117 12120 12121 12122 12123 12124 12125 12126 12127
ChRemap_0366 = 12130 12131 12132 12133 12134 12135 12136 12137 12140 12141 12142 12143 12144 12145 12146 12147
ChRemap_0367 = 12150 12151 12152 12153 12154 12155 12156 12157 12160 12161 12162 12163 12164 12165 12166 12167
ChRemap_0368 = 12170 12171 12172 12173 12174 12175 12176 12177 12180 12181 12182 12183 12184 12185 12186 12187
ChRemap_0369 = 12190 12191 12192 12193 12194 12195 12196 12197 12200 12201 12202 12203 12204 12205 12206 12207
ChRemap_0370 = 12210 12211 12212 12213 12214 12215 12216 12217 12220 12221 12222 12223 12224 12225 12226 12227
ChRemap_0371 = 12230 12231 12232 12233 12234 12235 12236 12237 12240 12241 12242 12243 12244 12245 12246 12247
ChRemap_0372 = 12250 12251 12252 12253 12254 12255 12256 12257 12260 12261 12262 12263 12264 12265 12266 12267
ChRemap_0373 = 12270 12271 12272 12273 12274 12275 12276 12277 12280 12281 12282 12283 12284 12285 12286 12287
ChRemap_0374 = 12290 12291 12292 12293 12294 12295 12296 12297 12300 12301 12302 12303 12304 12305 12306 12307
ChRemap_0375 = 12310 12311 12312 12313 12314 12315 12316 12317 12320 12321 12322 12323 12324 12325 12326 12327
ChRemap_0376 = 12330 12331 12332 12333 12334 12335 12336 12337 12340 12341 12342 12343 12344 12345 12346 12347
ChRemap_0377 = 12350 12351 12352 12353 12354 12355 12356 12357 12360 12361 12362 12363 12364 12365 12366 12367
ChRemap_0378 = 12370 12371 12372 12373 12374 12375 12376 12377 12380 12381 12382 12383 12384 12385 12386 12387
ChRemap_0379 = 12390 12391 12392 12393 12394 12395 12396 12397 12400 12401 12402 12403 12404 12405 12406 12407
ChRemap_0380 = 12410 12411 12412 12413 12414 12415 12416 12417 12420 12421 12422 12423 12424 12425 12426 12427
ChRemap_0381 = 12430 12431 12432 12433 12434 12435 12436 12437 12440 12441 12442 12443 12444 12445 12446 12447
ChRemap_0382 = 12450 12451 12452 12453 12454 12455 12456 12457 12460 12461 12462 12463 12464 12465 12466 12467
ChRemap_0383 = 12470 12471 12472 12473 12474 12475 12476 12477 12480 12481 12482 12483 12484 12485 12486 12487
ChRemap_0384 = 12490 12491 12492 12493 12494 12495 12496 12497 12500 12501 12502 12503 12504 12505 12506 12507
ChRemap_0385 = 12510 12511 12512 12513 12514 12515 12516 12517 12520 12521 12522 12523 12524 12525 12526 12527
ChRemap_0386 = 12530 12531 12532 12533 12534 12535 12536 12537 12540 12541 12542 12543 12544 12545 12546 12547
ChRemap_0387 = 12550 12551 12552 12553 12554 12555 12556 12557 12560 12561 12562 12563 12564 12565 12566 12567
ChRemap_0388 = 12570 12571 12572 12573 12574 12575 12576 12577 12580 12581 12582 12583 12584 12585 12586 12587
ChRemap_0389 = 12590 12591 12592 12593 12594 12595 12596 12597 12600 12601 12602 12603 12604 12605 12606 12607
ChRemap_0390 = 12610 12611 12612 12613 12614 12615 12616 12617 12620 12621 12622 12623 12624 12625 12626 12627
ChRemap_0391 = 12630 12631 12632 12633 12634 12635 12636 12637 12640 12641 12642 12643 12644 12645 12646 12647
ChRemap_0392 = 12650 12651 12652 12653 12654 12655 12656 12657 12660 12661 12662 12663 12664 12665 12666 12667
ChRemap_0393 = 12670 12671 12672 12673 12674 12675 12676 12677 12680 12681 12682 12683 12684 12685 12686 12687
ChRemap_0394 = 12690 12691 12692 12693 12694 12695 12696 12697 12700 12701 12702 12703 12704 12705 12706 12707
ChRemap_0395 = 12710 12711 12712 12713 12714 12715 12716 12717 12720 12721 12722 12723 12724 12725 12726 12727
ChRemap_0396 = 12730 12731 12732 12733 12734 12735 12736 12737 12740 12741 12742 12743 12744 12745 12746 12747
ChRemap_0397 = 12750 12751 12752 12753 12754 12755 12756 12757 12760 12761 12762 12763 12764 12765 12766 12767
ChRemap_0398 = 12770 12771 12772 12773 12774 12775 12776 12777 12780 12781 12782 12783 12784 12785 12786 12787
ChRemap_0399 = 12790 12791 12792 12793 12794 12795 12796 12797 12800 12801 12802 12803 12804 12805 12806 12807
ChRemap_0400 = 12810 12811 12812 12813 12814 12815 12816 12817 12820 12821 12822 12823 12824 12825 12826 12827
ChRemap_0401 = 12830 12831 12832 12833 12834 12835 12836 12837 12840 12841 12842 12843 12844 12845 12846 12847
ChRemap_0402 = 12850 12851 12852 12853 12854 12855 12856 12857 12860 12861 12862 12863 12864 12865 12866 12867
ChRemap_0403 = 12870 12871 12872 12873 12874 12875 12876 12877 12880 12881 12882 12883 12884 12885 12886 12887
ChRemap_0404 = 12890 12891 12892 12893 12894 12895 12896 12897 12900 12901 12902 12903 12904 12905 12906 12907
ChRemap_0405 = 12910 12911 12912 12913 12914 12915 12916 12917 12920 12921 12922 12923 12924 12925 12926 12927
ChRemap_0406 = 12930 12931 12932 12933 12934 12935 12936 12937 12940 12941 12942 12943 12944 12945 12946 12947
ChRemap_0407 = 12950 12951 12952 12953 12954 12955 12956 12957 12960 12961 12962 12963 12964 12965 12966 12967
ChRemap_0408 = 12970 12971 12972 12973 12974 12975 12976 12977 12980 12981 12982 12983 12984 12985 12986 12987
ChRemap_0409 = 12990 12991 12992 12993 12994 12995 12996 12997 13000 13001 13002 13003 13004 13005 13006 13007
ChRemap_0410 = 13010 13011 13012 13013 13014 13015 13016 13017 13020 13021 13022 13023 13024 13025 13026 13027
ChRemap_0411 = 13030 13031 13032 13033 13034 13035 13036 13037 13040 13041 13042 13043 13044 13045 13046 13047
ChRemap_0412 = 13050 13051 13052 13053 13054 13055 13056 13057 13060 13061 13062 13063 13064 13065 13066 13067
ChRemap_0413 = 13070 13071 13072 13073 13074 13075 13076 13077 13080 13081 13082 13083 13084 13085 13086 13087
ChRemap_0414 = 13090 13091 13092 13093 13094 13095 13096 13097 13100 13101 13102 13103 13104 13105 13106 13107
ChRemap_0415 = 13110 13111 13112 13113 13114 13115 13116 13117 13120 13121 13122 13123 13124 13125 13126 13127
ChRemap_0416 = 13130 13131 13132 13133 13134 13135 13136 13137 13140 13141 13142 13143 13144 13145 13146 13147
ChRemap_0417 = 13150 13151 13152 13153 13154 13155 13156 13157 13160 13161 13162 13163 13164 13165 13166 13167
ChRemap_0418 = 13170 13171 13172 13173 13174 13175 13176 13177 13180 13181 13182 13183 13184 13185 13186 13187
ChRemap_0419 = 13190 13191 13192 13193 13194 13195 13196 13197 13200 13201 13202 13203 13204 13205 13206 13207
ChRemap_0420 = 13210 13211 13212 13213 13214 13215 13216 13217 13220 13221 13222 13223 13224 13225 13226 13227
ChRemap_0421 = 13230 13231 13232 13233 13234 13235 13236 13237 13240 13241 13242 13243 13244 13245 13246 13247
ChRemap_0422 = 13250 13251 13252 13253 13254 13255 13256 13257 13260 13261 13262 13263 13264 13265 13266 13267
ChRemap_0423 = 13270 13271 13272 13273 13274 13275 13276 13277 13280 13281 13282 13283 13284 13285 13286 13287
ChRemap_0424 = 13290 13291 13292 13293 13294 13295 13296 13297 13300 13301 13302 13303 13304 13305 13306 13307
ChRemap_0425 = 13310 13311 13312 13313 13314 13315 13316 13317 13320 13321 13322 13323 13324 13325 13326 13327
ChRemap_0426 = 13330 13331 13332 13333 13334 13335 13336 13337 13340 13341 13342 13343 13344 13345 13346 13347
ChRemap_0427 = 13350 13351 13352 13353 13354 13355 13356 13357 13360 13361 13362 13363 13364 13365 13366 13367
ChRemap_0428 = 13370 13371 13372 13373 13374 13375 13376 13377 13380 13381 13382 13383 13384 13385 13386 13387
ChRemap_0429 = 13390 13391 13392 13393 13394 13395 13396 13397 13400 13401 13402 13403 13404 13405 13406 13407
ChRemap_0430 = 13410 13411 13412 13413 13414 13415 13416 13417 13420 13421 13422 13423 13424 13425 13426 13427
ChRemap_0431 = 13430 13431 13432 13433 13434 13435 13436 13437 13440 13441 13442 13443 13444 13445 13446 13447
ChRemap_0432 = 13450 13451 13452 13453 13454 13455 13456 13457 13460 13461 13462 13463 13464 13465 13466 13467
ChRemap_0433 = 13470 13471 13472 13473 13474 13475 13476 13477 13480 13481 13482 13483 13484 13485 13486 13487
ChRemap_0434 = 13490 13491 13492 13493 13494 13495 13496 13497 13500 13501 13502 13503 13504 13505 13506 13507
ChRemap_0435 = 13510 13511 13512 13513 13514 13515 13516 13517 13520 13521 13522 13523 13524 13525 13526 13527
ChRemap_0436 = 13530 13531 13532 13533 13534 13535 13536 13537 13540 13541 13542 13543 13544 13545 13546 13547
ChRemap_0437 = 13550 13551 13552 13553 13554 13555 13556 13557 13560 13561 13562 13563 13564 13565 13566 13567
ChRemap_0438 = 13570 13571 13572 13573 13574 13575 13576 13577 13580 13581 13582 13583 13584 13585 13586 13587
ChRemap_0439 = 13590 13591 13592 13593 13594 13595 13596 13597 13600 13601 13602 13603 13604 13605 13606 13607
ChRemap_0440 = 13610 13611 13612 13613 13614 13615 13616 13617 13620 13621 13622 13623 13624 13625 13626 13627
ChRemap_0441 = 13630 13631 13632 13633 13634 13635 13636 13637 13640 13641 13642 13643 13644 13645 13646 13647
ChRemap_0442 = 13650 13651 13652 13653 13654 13655 13656 13657 13660 13661 13662 13663 13664 13665 13666 13667
ChRemap_0443 = 13670 13671 13672 13673 13674 13675 13676 13677 13680 13681 13682 13683 13684 13685 13686 13687
ChRemap_0444 = 13690 13691 13692 13693 13694 13695 13696 13697 13700 13701 13702 13703 13704 13705 13706 13707
ChRemap_0445 = 13710 13711 13712 13713 13714 13715 13716 13717 13720 13721 13722 13723 13724 13725 13726 13727
ChRemap_0446 = 13730 13731 13732 13733 13734 13735 13736 13737 13740 13741 13742 13743 13744 13745 13746 13747
ChRemap_0447 = 13750 13751 13752 13753 13754 13755 13756 13757 13760 13761 13762 13763 13764 13765 13766 13767
ChRemap_0448 = 13770 13771 13772 13773 13774 13775 13776 13777 13780 13781 13782 13783 13784 13785 13786 13787
ChRemap_0449 = 13790 13791 13792 13793 13794 13795 13796 13797 13800 13801 13802 13803 13804 13805 13806 13807
ChRemap_0450 = 13810 13811 13812 13813 13814 13815 13816 13817 13820 13821 13822 13823 13824 13825 13826 13827
ChRemap_0451 = 13830 13831 13832 13833 13834 13835 13836 13837 13840 13841 13842 13843 13844 13845 13846 13847
ChRemap_0452 = 13850 13851 13852 13853 13854 13855 13856 13857 13860 13861 13862 13863 13864 13865 13866 13867
ChRemap_0453 = 13870 13871 13872 13873 13874 13875 13876 13877 13880 13881 13882 13883 13884 13885 13886 13887
ChRemap_0454 = 13890 13891 13892 13893 13894 13895 13896 13897 13900 13901 13902 13903 13904 13905 13906 13907
ChRemap_0455 = 13910 13911 13912 13913 13914 13915 13916 13917 13920 13921 13922 13923 13924 13925 13926 13927
ChRemap_0456 = 13930 13931 13932 13933 13934 13935 13936 13937 13940 13941 13942 13943 13944 13945 13946 13947
ChRemap_0457 = 13950 13951 13952 13953 13954 13955 13956 13957 13960 13961 13962 13963 13964 13965 13966 13967
ChRemap_0458 = 13970 13971 13972 13973 13974 13975 13976 13977 13980 13981 13982 13983 13984 13985 13986 13987
ChRemap_0459 = 13990 13991 13992 13993 13994 13995 13996 13997 14000 14001 14002 14003 14004 14005 14006 14007
ChRemap_0460 = 14010 14011 14012 14013 14014 14015 14016 14017 14020 14021 14022 14023 14024 14025 14026 14027
ChRemap_0461 = 14030 14031 14032 14033 14034 14035 14036 14037 14040 14041 14042 14043 14044 14045 14046 14047
ChRemap_0462 = 14050 14051 14052 14053 14054 14055 14056 14057 14060 14061 14062 14063 14064 14065 14066 14067
ChRemap_0463 = 14070 14071 14072 14073 14074 14075 14076 14077 14080 14081 14082 14083 14084 14085 14086 14087
ChRemap_0464 = 14090 14091 14092 14093 14094 14095 14096 14097 14100 14101 14102 14103 14104 14105 14106 14107
ChRemap_0465 = 14110 14111 14112 14113 14114 14115 14116 14117 14120 14121 14122 14123 14124 14125 14126 14127
ChRemap_0466 = 14130 14131 14132 14133 14134 14135 14136 14137 14140 14141 14142 14143 14144 14145 14146 14147
ChRemap_0467 = 14150 14151 14152 14153 14154 14155 14156 14157 14160 14161 14162 14163 14164 14165 14166 14167
ChRemap_0468 = 14170 14171 14172 14173 14174 14175 14176 14177 14180 14181 14182 14183 14184 14185 14186 14187
ChRemap_0469 = 14190 14191 14192 14193 14194 14195 14196 14197 14200 14201 14202 14203 14204 14205 14206 14207
ChRemap_0470 = 14210 14211 14212 14213 14214 14215 14216 14217 14220 14221 14222 14223 14224 14225 14226 14227
ChRemap_0471 = 14230 14231 14232 14233 14234 14235 14236 14237 14240 14241 14242 14243 14244 14245 14246 14247
ChRemap_0472 = 14250 14251 14252 14253 14254 14255 14256 14257 14260 14261 14262 14263 14264 14265 14266 14267
ChRemap_0473 = 14270 14271 14272 14273 14274 14275 14276 14277 14280 14281 14282 14283 14284 14285 14286 14287
ChRemap_0474 = 14290 14291 14292 14293 14294 14295 14296 14297 14300 14301 14302 14303 14304 14305 14306 14307
ChRemap_0475 = 14310 14311 14312 14313 14314 14315 14316 14317 14320 14321 14322 14323 14324 14325 14326 14327
ChRemap_0476 = 14330 14331 14332 14333 14334 14335 14336 14337 14340 14341 14342 14343 14344 14345 14346 14347
ChRemap_0477 = 14350 14351 14352 14353 14354 14355 14356 14357 14360 14361 14362 14363 14364 14365 14366 14367
ChRemap_0478 = 14370 14371 14372 14373 14374 14375 14376 14377 14380 14381 14382 14383 14384 14385 14386 14387
ChRemap_0479 = 14390 14391 14392 14393 14394 14395 14396 14397 14400 14401 14402 14403 14404 14405 14406 14407
ChRemap_0480 = 14410 14411 14412 14413 14414 14415 14416 14417 14420 14421 14422 14423 14424 14425 14426 14427
ChRemap_0481 = 14430 14431 14432 14433 14434 14435 14436 14437 14440 14441 14442 14443 14444 14445 14446 14447
ChRemap_0482 = 14450 14451 14452 14453 14454 14455 14456 14457 14460 14461 14462 14463 14464 14465 14466 14467
ChRemap_0483 = 14470 14471 14472 14473 14474 14475 14476 14477 14480 14481 14482 14483 14484 14485 14486 14487
ChRemap_0484 = 14490 14491 14492 14493 14494 14495 14496 14497 14500 14501 14502 14503 14504 14505 14506 14507
ChRemap_0485 = 14510 14511 14512 14513 14514 14515 14516 14517 14520 14521 14522 14523 14524 14525 14526 14527
ChRemap_0486 = 14530 14531 14532 14533 14534 14535 14536 14537 14540 14541 14542 14543 14544 14545 14546 14547
ChRemap_0487 = 14550 14551 14552 14553 14554 14555 14556 14557 14560 14561 14562 14563 14564 14565 14566 14567
ChRemap_0488 = 14570 14571 14572 14573 14574 14575 14576 14577 14580 14581 14582 14583 14584 14585 14586 14587
ChRemap_0489 = 14590 14591 14592 14593 14594 14595 14596 14597 14600 14601 14602 14603 14604 14605 14606 14607
ChRemap_0490 = 14610 14611 14612 14613 14614 14615 14616 14617 14620 14621 14622 14623 14624 14625 14626 14627
ChRemap_0491 = 14630 14631 14632 14633 14634 14635 14636 14637 14640 14641 14642 14643 14644 14645 14646 14647
ChRemap_0492 = 14650 14651 14652 14653 14654 14655 14656 14657 14660 14661 14662 14663 14664 14665 14666 14667
ChRemap_0493 = 14670 14671 14672 14673 14674 14675 14676 14677 14680 14681 14682 14683 14684 14685 14686 14687
ChRemap_0494 = 14690 14691 14692 14693 14694 14695 14696 14697 14700 14701 14702 14703 14704 14705 14706 14707
ChRemap_0495 = 14710 14711 14712 14713 14714 14715 14716 14717 14720 14721 14722 14723 14724 14725 14726 14727
ChRemap_0496 = 14730 14731 14732 14733 14734 14735 14736 14737 14740 14741 14742 14743 14744 14745 14746 14747
ChRemap_0497 = 14750 14751 14752 14753 14754 14755 14756 14757 14760 14761 14762 14763 14764 14765 14766 14767
ChRemap_0498 = 14770 14771 14772 14773 14774 14775 14776 14777 14780 14781 14782 14783 14784 14785 14786 14787
ChRemap_0499 = 14790 14791 14792 14793 14794 14795 14796 14797 14800 14801 14802 14803 14804 14805 14806 14807
ChRemap_0500 = 14810 14811 14812 14813 14814 14815 14816 14817 14820 14821 14822 14823 14824 14825 14826 14827
ChRemap_0501 = 14830 14831 14832 14833 14834 14835 14836 14837 14840 14841 14842 14843 14844 14845 14846 14847
ChRemap_0502 = 14850 14851 14852 14853 14854 14855 14856 14857 14860 14861 14862 14863 14864 14865 14866 14867
ChRemap_0503 = 14870 14871 14872 14873 14874 14875 14876 14877 14880 14881 14882 14883 14884 14885 14886 14887
ChRemap_0504 = 14890 14891 14892 14893 14894 14895 14896 14897 14900 14901 14902 14903 14904 14905 14906 14907
ChRemap_0505 = 14910 14911 14912 14913 14914 14915 14916 14917 14920 14921 14922 14923 14924 14925 14926 14927
ChRemap_0506 = 14930 14931 14932 14933 14934 14935 14936 14937 14940 14941 14942 14943 14944 14945 14946 14947
ChRemap_0507 = 14950 14951 14952 14953 14954 14955 14956 14957 14960 14961 14962 14963 14964 14965 14966 14967
ChRemap_0508 = 14970 14971 14972 14973 14974 14975 14976 14977 14980 14981 14982 14983 14984 14985 14986 14987
ChRemap_0509 = 14990 14991 14992 14993 14994 14995 14996 14997 15000 15001 15002 15003 15004 15005 15006 15007
ChRemap_0510 = 15010 15011 15012 15013 15014 15015 15016 15017 15020 15021 15022 15023 15024 15025 15026 15027
ChRemap_0511 = 15030 15031 15032 15033 15034 15035 15036 15037 15040 15041 15042 15043 15044 15045 15046 15047
ChRemap_0512 = 15050 15051 15052 15053 15054 15055 15056 15057 15060 15061 15062 15063 15064 15065 15066 15067
ChRemap_0513 = 15070 15071 15072 15073 15074 15075 15076 15077 15080 15081 15082 15083 15084 15085 15086 15087
ChRemap_0514 = 15090 15091 15092 15093 15094 15095 15096 15097 15100 15101 15102 15103 15104 15105 15106 15107
ChRemap_0515 = 15110 15111 15112 15113 15114 15115 15116 15117 15120 15121 15122 15123 15124 15125 15126 15127
ChRemap_0516 = 15130 15131 15132 15133 15134 15135 15136 15137 15140 15141 15142 15143 15144 15145 15146 15147
ChRemap_0517 = 15150 15151 15152 15153 15154 15155 15156 15157 15160 15161 15162 15163 15164 15165 15166 15167
ChRemap_0518 = 15170 15171 15172 15173 15174 15175 15176 15177 15180 15181 15182 15183 15184 15185 15186 15187
ChRemap_0519 = -1 -1 -1 -1 -1 -1 -1 -1 -1 -1 -1 -1 -1 -1 -1 -1
